CALCULO_DEL_ESPECTRO											
ACELEROGRAMA_=	                 C:\Documents and Settings\Juan Manuel\Escritorio\FUK000_AT2.txt										
ARCHIVO_=	C:\Documents and Settings\Juan Manuel\Escritorio\Interaccion Suelo Estructura\FU										

ACELERACION_MAXIMA_ORIGINAL=	0.03369	 g									
CONSTANTE NORMALIZACION_=	1										
ACELERACION_MAXIMA_=	0.03369	 g									
ACELERACION_MAXIMA_=	0.33034	 m/s2									
ESPECTRO_DE_ACELERACIONES_(m/s2_y_g)											
PERIODO	x=0.02	x=0.05	x=0.08	x=0.10	x=0.20	PERIODO	x=0.02	x=0.05	x=0.08	x=0.10	x=0.20
0.02	0.3327	0.3324	0.3319	0.3316	0.3308	0.02	0.0339	0.0339	0.0338	0.0338	0.0337
0.04	0.3332	0.333	0.3329	0.3328	0.3324	0.04	0.034	0.034	0.0339	0.0339	0.0339
0.06	0.3419	0.3407	0.3401	0.3397	0.3379	0.06	0.0349	0.0347	0.0347	0.0346	0.0345
0.08	0.3506	0.35	0.3492	0.3482	0.3442	0.08	0.0358	0.0357	0.0356	0.0355	0.0351
0.1	0.3897	0.3628	0.3565	0.3565	0.3554	0.1	0.0397	0.037	0.0364	0.0364	0.0362
0.12	0.4013	0.3798	0.372	0.371	0.3688	0.12	0.0409	0.0387	0.0379	0.0378	0.0376
0.14	0.6	0.4967	0.4552	0.4426	0.4007	0.14	0.0612	0.0506	0.0464	0.0451	0.0409
0.16	0.7403	0.5699	0.4976	0.4675	0.399	0.16	0.0755	0.0581	0.0507	0.0477	0.0407
0.18	0.5105	0.4525	0.4186	0.4019	0.3897	0.18	0.0521	0.0461	0.0427	0.041	0.0397
0.2	0.5578	0.4859	0.435	0.4135	0.3941	0.2	0.0569	0.0495	0.0444	0.0422	0.0402
0.22	0.7524	0.5853	0.5042	0.476	0.414	0.22	0.0767	0.0597	0.0514	0.0485	0.0422
0.24	0.7903	0.5944	0.5195	0.4876	0.4149	0.24	0.0806	0.0606	0.053	0.0497	0.0423
0.26	0.7396	0.5766	0.5204	0.4914	0.4077	0.26	0.0754	0.0588	0.0531	0.0501	0.0416
0.28	0.9146	0.5985	0.5224	0.4927	0.4114	0.28	0.0933	0.061	0.0533	0.0502	0.042
0.3	0.8984	0.5806	0.5016	0.4711	0.4129	0.3	0.0916	0.0592	0.0512	0.048	0.0421
0.32	0.8458	0.5898	0.5076	0.4885	0.4202	0.32	0.0862	0.0601	0.0518	0.0498	0.0429
0.34	0.8406	0.6538	0.5822	0.5455	0.4298	0.34	0.0857	0.0667	0.0594	0.0556	0.0438
0.36	0.8774	0.721	0.644	0.5965	0.4443	0.36	0.0895	0.0735	0.0657	0.0608	0.0453
0.38	0.9892	0.823	0.699	0.6363	0.4515	0.38	0.1009	0.0839	0.0713	0.0649	0.046
0.4	1.1685	0.8642	0.7156	0.6513	0.461	0.4	0.1192	0.0881	0.073	0.0664	0.047
0.42	1.0442	0.8886	0.7823	0.7141	0.5036	0.42	0.1065	0.0906	0.0798	0.0728	0.0514
0.44	1.3821	1.053	0.8693	0.7818	0.5299	0.44	0.1409	0.1074	0.0886	0.0797	0.054
0.46	1.644	1.1952	0.9345	0.8207	0.54	0.46	0.1676	0.1219	0.0953	0.0837	0.0551
0.48	1.5262	1.1309	0.9048	0.7985	0.5382	0.48	0.1556	0.1153	0.0923	0.0814	0.0549
0.5	1.3187	0.9813	0.8027	0.7361	0.5614	0.5	0.1345	0.1001	0.0819	0.0751	0.0572
0.52	1.2559	0.9956	0.8432	0.7711	0.5725	0.52	0.1281	0.1015	0.086	0.0786	0.0584
0.54	1.4138	1.0512	0.8636	0.7842	0.5743	0.54	0.1442	0.1072	0.0881	0.08	0.0586
0.56	1.1777	0.9916	0.8301	0.7601	0.5683	0.56	0.1201	0.1011	0.0846	0.0775	0.0579
0.58	1.481	0.9346	0.7621	0.7087	0.5516	0.58	0.151	0.0953	0.0777	0.0723	0.0562
0.6	1.2872	0.8664	0.6873	0.6486	0.5363	0.6	0.1313	0.0883	0.0701	0.0661	0.0547
0.62	1.0804	0.8418	0.6894	0.6162	0.5179	0.62	0.1102	0.0858	0.0703	0.0628	0.0528
0.64	1.0861	0.827	0.6788	0.6041	0.499	0.64	0.1108	0.0843	0.0692	0.0616	0.0509
0.66	1.1818	0.7965	0.6535	0.5814	0.4826	0.66	0.1205	0.0812	0.0666	0.0593	0.0492
0.68	1.292	0.7875	0.6248	0.555	0.4706	0.68	0.1317	0.0803	0.0637	0.0566	0.048
0.7	1.2864	0.8479	0.6371	0.5526	0.4607	0.7	0.1312	0.0865	0.065	0.0564	0.047
0.72	1.2531	0.8166	0.6038	0.5251	0.4532	0.72	0.1278	0.0833	0.0616	0.0535	0.0462
0.74	1.0843	0.7276	0.5879	0.5166	0.448	0.74	0.1106	0.0742	0.06	0.0527	0.0457
0.76	1.1713	0.6957	0.5662	0.4996	0.445	0.76	0.1194	0.0709	0.0577	0.0509	0.0454
0.78	1.0246	0.6633	0.5392	0.4978	0.4437	0.78	0.1045	0.0676	0.055	0.0508	0.0452
0.8	0.8935	0.6437	0.5343	0.5183	0.4454	0.8	0.0911	0.0656	0.0545	0.0529	0.0454
0.82	0.8922	0.6129	0.5631	0.5422	0.4534	0.82	0.091	0.0625	0.0574	0.0553	0.0462
0.84	0.7309	0.6391	0.5922	0.5666	0.4651	0.84	0.0745	0.0652	0.0604	0.0578	0.0474
0.86	0.6807	0.6601	0.6171	0.5886	0.4754	0.86	0.0694	0.0673	0.0629	0.06	0.0485
0.88	0.7304	0.6929	0.6442	0.6124	0.4862	0.88	0.0745	0.0707	0.0657	0.0624	0.0496
0.9	0.8167	0.7352	0.671	0.6341	0.4946	0.9	0.0833	0.075	0.0684	0.0647	0.0504
0.92	0.9059	0.7715	0.6967	0.6554	0.501	0.92	0.0924	0.0787	0.071	0.0668	0.0511
0.94	0.8735	0.7943	0.719	0.6743	0.5075	0.94	0.0891	0.081	0.0733	0.0688	0.0518
0.96	0.8795	0.8177	0.7409	0.6924	0.5108	0.96	0.0897	0.0834	0.0756	0.0706	0.0521
0.98	0.9211	0.8478	0.7618	0.7086	0.5129	0.98	0.0939	0.0865	0.0777	0.0723	0.0523
1	1.0005	0.8876	0.7842	0.7238	0.5132	1	0.102	0.0905	0.08	0.0738	0.0523
1.02	1.1006	0.9246	0.8019	0.7352	0.5096	1.02	0.1122	0.0943	0.0818	0.075	0.052
1.04	1.1413	0.9546	0.8182	0.7441	0.5056	1.04	0.1164	0.0973	0.0834	0.0759	0.0516
1.06	1.1548	0.9746	0.8269	0.7458	0.498	1.06	0.1178	0.0994	0.0843	0.0761	0.0508
1.08	1.1731	0.9891	0.8295	0.7452	0.4869	1.08	0.1196	0.1009	0.0846	0.076	0.0496
1.1	1.2186	1.0015	0.8282	0.7377	0.4751	1.1	0.1243	0.1021	0.0845	0.0752	0.0484
1.12	1.2917	1.0087	0.8192	0.7234	0.4689	1.12	0.1317	0.1029	0.0835	0.0738	0.0478
1.14	1.3371	1.0027	0.8018	0.7035	0.4611	1.14	0.1363	0.1022	0.0818	0.0717	0.047
1.16	1.3962	0.9783	0.7762	0.6886	0.4524	1.16	0.1424	0.0998	0.0792	0.0702	0.0461
1.18	1.3738	0.9568	0.761	0.6799	0.4419	1.18	0.1401	0.0976	0.0776	0.0693	0.0451
1.2	1.3649	0.975	0.7489	0.6675	0.4421	1.2	0.1392	0.0994	0.0764	0.0681	0.0451
1.22	1.3914	0.9832	0.7331	0.6516	0.4418	1.22	0.1419	0.1003	0.0748	0.0664	0.0451
1.24	1.3873	0.9798	0.7252	0.6324	0.4395	1.24	0.1415	0.0999	0.0739	0.0645	0.0448
1.26	1.4185	0.9607	0.7102	0.6141	0.4364	1.26	0.1446	0.098	0.0724	0.0626	0.0445
1.28	1.3898	0.9213	0.6855	0.6046	0.4319	1.28	0.1417	0.0939	0.0699	0.0616	0.044
1.3	1.2739	0.861	0.6545	0.5896	0.4257	1.3	0.1299	0.0878	0.0667	0.0601	0.0434
1.32	1.1163	0.788	0.6237	0.5722	0.4196	1.32	0.1138	0.0804	0.0636	0.0583	0.0428
1.34	0.9675	0.7202	0.5945	0.5517	0.4122	1.34	0.0987	0.0734	0.0606	0.0563	0.042
1.36	0.8675	0.6741	0.5668	0.5316	0.4036	1.36	0.0885	0.0687	0.0578	0.0542	0.0412
1.38	0.7991	0.6326	0.5407	0.511	0.395	1.38	0.0815	0.0645	0.0551	0.0521	0.0403
1.4	0.7409	0.5957	0.5174	0.4928	0.3862	1.4	0.0755	0.0607	0.0528	0.0503	0.0394
1.42	0.7024	0.5621	0.4995	0.4764	0.3767	1.42	0.0716	0.0573	0.0509	0.0486	0.0384
1.44	0.6935	0.5293	0.4854	0.4612	0.3666	1.44	0.0707	0.054	0.0495	0.047	0.0374
1.46	0.6966	0.5123	0.4737	0.4475	0.3566	1.46	0.071	0.0522	0.0483	0.0456	0.0364
1.48	0.7982	0.5198	0.4631	0.4343	0.3469	1.48	0.0814	0.053	0.0472	0.0443	0.0354
1.5	0.8655	0.5259	0.4514	0.4197	0.3368	1.5	0.0883	0.0536	0.046	0.0428	0.0343
1.52	0.8493	0.5197	0.4354	0.4038	0.3266	1.52	0.0866	0.053	0.0444	0.0412	0.0333
1.54	0.8007	0.5023	0.416	0.3863	0.3162	1.54	0.0816	0.0512	0.0424	0.0394	0.0322
1.56	0.7167	0.4959	0.3918	0.3668	0.3057	1.56	0.0731	0.0506	0.0399	0.0374	0.0312
1.58	0.6472	0.4883	0.3898	0.3464	0.296	1.58	0.066	0.0498	0.0397	0.0353	0.0302
1.6	0.6523	0.4847	0.3888	0.3385	0.2863	1.6	0.0665	0.0494	0.0396	0.0345	0.0292
1.62	0.703	0.4845	0.3852	0.3356	0.2767	1.62	0.0717	0.0494	0.0393	0.0342	0.0282
1.64	0.723	0.4823	0.379	0.3301	0.2674	1.64	0.0737	0.0492	0.0387	0.0337	0.0273
1.66	0.718	0.4741	0.3706	0.3219	0.2583	1.66	0.0732	0.0483	0.0378	0.0328	0.0263
1.68	0.6803	0.4598	0.3591	0.312	0.2495	1.68	0.0694	0.0469	0.0366	0.0318	0.0254
1.7	0.646	0.441	0.3448	0.2999	0.241	1.7	0.0659	0.045	0.0352	0.0306	0.0246
1.72	0.6321	0.4196	0.3278	0.2856	0.2329	1.72	0.0645	0.0428	0.0334	0.0291	0.0237
1.74	0.6195	0.4059	0.317	0.2806	0.2251	1.74	0.0632	0.0414	0.0323	0.0286	0.023
1.76	0.5949	0.3878	0.3118	0.2755	0.2179	1.76	0.0607	0.0395	0.0318	0.0281	0.0222
1.78	0.5583	0.3779	0.3053	0.2696	0.211	1.78	0.0569	0.0385	0.0311	0.0275	0.0215
1.8	0.5301	0.368	0.2975	0.2626	0.2044	1.8	0.0541	0.0375	0.0303	0.0268	0.0208
1.82	0.497	0.3586	0.2887	0.2544	0.1981	1.82	0.0507	0.0366	0.0294	0.0259	0.0202
1.84	0.4628	0.3486	0.279	0.2457	0.1921	1.84	0.0472	0.0355	0.0285	0.0251	0.0196
1.86	0.4426	0.3378	0.2689	0.2363	0.1865	1.86	0.0451	0.0344	0.0274	0.0241	0.019
1.88	0.4349	0.3262	0.2582	0.2358	0.181	1.88	0.0443	0.0333	0.0263	0.024	0.0185
1.9	0.4211	0.3138	0.2578	0.2356	0.1759	1.9	0.0429	0.032	0.0263	0.024	0.0179
1.92	0.3998	0.3001	0.257	0.2348	0.171	1.92	0.0408	0.0306	0.0262	0.0239	0.0174
1.94	0.3739	0.2977	0.2553	0.2335	0.1663	1.94	0.0381	0.0304	0.026	0.0238	0.017
1.96	0.3501	0.294	0.2529	0.2315	0.1651	1.96	0.0357	0.03	0.0258	0.0236	0.0168
1.98	0.3393	0.2892	0.2497	0.229	0.1643	1.98	0.0346	0.0295	0.0255	0.0233	0.0168
2	0.3309	0.2841	0.246	0.2259	0.1632	2	0.0337	0.029	0.0251	0.023	0.0166
2.02	0.3257	0.2783	0.2417	0.2222	0.1618	2.02	0.0332	0.0284	0.0246	0.0227	0.0165
2.04	0.3211	0.2723	0.2367	0.2183	0.1601	2.04	0.0327	0.0278	0.0241	0.0223	0.0163
2.06	0.3156	0.2654	0.2315	0.2139	0.1585	2.06	0.0322	0.0271	0.0236	0.0218	0.0162
2.08	0.3066	0.2581	0.2258	0.209	0.1566	2.08	0.0313	0.0263	0.023	0.0213	0.016
2.1	0.2941	0.2498	0.2198	0.2041	0.1546	2.1	0.03	0.0255	0.0224	0.0208	0.0158
2.12	0.279	0.2412	0.2136	0.1989	0.1523	2.12	0.0285	0.0246	0.0218	0.0203	0.0155
2.14	0.2631	0.2323	0.207	0.1934	0.1499	2.14	0.0268	0.0237	0.0211	0.0197	0.0153
2.16	0.2482	0.2233	0.2005	0.1878	0.1473	2.16	0.0253	0.0228	0.0204	0.0191	0.015
2.18	0.2358	0.2149	0.194	0.1822	0.1446	2.18	0.024	0.0219	0.0198	0.0186	0.0147
2.2	0.2259	0.2069	0.1875	0.1766	0.1421	2.2	0.023	0.0211	0.0191	0.018	0.0145
2.22	0.2181	0.1993	0.1809	0.1708	0.1394	2.22	0.0222	0.0203	0.0184	0.0174	0.0142
2.24	0.2117	0.1919	0.1745	0.165	0.1366	2.24	0.0216	0.0196	0.0178	0.0168	0.0139
2.26	0.2061	0.185	0.1681	0.1593	0.1338	2.26	0.021	0.0189	0.0171	0.0162	0.0136
2.28	0.2009	0.1781	0.1616	0.1535	0.131	2.28	0.0205	0.0182	0.0165	0.0157	0.0134
2.3	0.1956	0.171	0.155	0.1477	0.1289	2.3	0.0199	0.0174	0.0158	0.0151	0.0131
2.32	0.19	0.1635	0.1483	0.1418	0.1276	2.32	0.0194	0.0167	0.0151	0.0145	0.013
2.34	0.1907	0.1559	0.1416	0.1358	0.1264	2.34	0.0194	0.0159	0.0144	0.0138	0.0129
2.36	0.1928	0.1477	0.1348	0.1306	0.1251	2.36	0.0197	0.0151	0.0137	0.0133	0.0128
2.38	0.1923	0.1401	0.133	0.1301	0.1239	2.38	0.0196	0.0143	0.0136	0.0133	0.0126
2.4	0.1885	0.1406	0.1332	0.1296	0.1227	2.4	0.0192	0.0143	0.0136	0.0132	0.0125
2.42	0.1804	0.1426	0.1331	0.129	0.1215	2.42	0.0184	0.0145	0.0136	0.0132	0.0124
2.44	0.1677	0.1443	0.133	0.1284	0.1203	2.44	0.0171	0.0147	0.0136	0.0131	0.0123
2.46	0.172	0.1454	0.1327	0.1276	0.1191	2.46	0.0175	0.0148	0.0135	0.013	0.0121
2.48	0.1756	0.1457	0.132	0.1267	0.1178	2.48	0.0179	0.0149	0.0135	0.0129	0.012
2.5	0.1764	0.1452	0.1311	0.1256	0.1165	2.5	0.018	0.0148	0.0134	0.0128	0.0119
2.52	0.1744	0.1437	0.1298	0.1243	0.1153	2.52	0.0178	0.0147	0.0132	0.0127	0.0118
2.54	0.1698	0.1416	0.1283	0.1229	0.114	2.54	0.0173	0.0144	0.0131	0.0125	0.0116
2.56	0.1631	0.1388	0.1266	0.1214	0.1126	2.56	0.0166	0.0142	0.0129	0.0124	0.0115
2.58	0.1549	0.1357	0.1247	0.1198	0.1113	2.58	0.0158	0.0138	0.0127	0.0122	0.0113
2.6	0.146	0.1323	0.1227	0.1182	0.1099	2.6	0.0149	0.0135	0.0125	0.0121	0.0112
2.62	0.1373	0.1291	0.1207	0.1164	0.1086	2.62	0.014	0.0132	0.0123	0.0119	0.0111
2.64	0.1297	0.1261	0.1188	0.1147	0.1072	2.64	0.0132	0.0129	0.0121	0.0117	0.0109
2.66	0.1239	0.1234	0.1169	0.113	0.1058	2.66	0.0126	0.0126	0.0119	0.0115	0.0108
2.68	0.1204	0.1213	0.115	0.1113	0.1044	2.68	0.0123	0.0124	0.0117	0.0113	0.0106
2.7	0.1191	0.1196	0.1133	0.1096	0.1029	2.7	0.0121	0.0122	0.0116	0.0112	0.0105
2.72	0.1198	0.1183	0.1117	0.108	0.1015	2.72	0.0122	0.0121	0.0114	0.011	0.0104
2.74	0.1218	0.1174	0.1101	0.1063	0.1001	2.74	0.0124	0.012	0.0112	0.0108	0.0102
2.76	0.1245	0.1167	0.1087	0.1047	0.0986	2.76	0.0127	0.0119	0.0111	0.0107	0.0101
2.78	0.1273	0.1161	0.1073	0.1031	0.0972	2.78	0.013	0.0118	0.0109	0.0105	0.0099
2.8	0.1295	0.1154	0.106	0.1015	0.0957	2.8	0.0132	0.0118	0.0108	0.0103	0.0098
2.82	0.1309	0.1146	0.1046	0.0999	0.0943	2.82	0.0134	0.0117	0.0107	0.0102	0.0096
2.84	0.1312	0.1136	0.1032	0.0982	0.0928	2.84	0.0134	0.0116	0.0105	0.01	0.0095
2.86	0.1304	0.1123	0.1018	0.0966	0.0913	2.86	0.0133	0.0115	0.0104	0.0098	0.0093
2.88	0.1285	0.1109	0.1003	0.095	0.0899	2.88	0.0131	0.0113	0.0102	0.0097	0.0092
2.9	0.1257	0.1092	0.0987	0.0934	0.0884	2.9	0.0128	0.0111	0.0101	0.0095	0.009
2.92	0.1222	0.1073	0.0971	0.0919	0.087	2.92	0.0125	0.0109	0.0099	0.0094	0.0089
2.94	0.1185	0.1052	0.0955	0.0903	0.0856	2.94	0.0121	0.0107	0.0097	0.0092	0.0087
2.96	0.1147	0.1032	0.0938	0.0887	0.0841	2.96	0.0117	0.0105	0.0096	0.009	0.0086
2.98	0.111	0.101	0.0921	0.0872	0.0827	2.98	0.0113	0.0103	0.0094	0.0089	0.0084
3	0.1077	0.0989	0.0903	0.0856	0.0813	3	0.011	0.0101	0.0092	0.0087	0.0083
3.02	0.106	0.0968	0.0886	0.0839	0.0799	3.02	0.0108	0.0099	0.009	0.0086	0.0081
3.04	0.1054	0.0948	0.0869	0.0823	0.0784	3.04	0.0107	0.0097	0.0089	0.0084	0.008
3.06	0.1044	0.0929	0.0851	0.0807	0.077	3.06	0.0106	0.0095	0.0087	0.0082	0.0079
3.08	0.1031	0.091	0.0833	0.079	0.0756	3.08	0.0105	0.0093	0.0085	0.0081	0.0077
3.1	0.1016	0.0891	0.0815	0.0774	0.0742	3.1	0.0104	0.0091	0.0083	0.0079	0.0076
3.12	0.0998	0.0872	0.0797	0.0757	0.0728	3.12	0.0102	0.0089	0.0081	0.0077	0.0074
3.14	0.0974	0.0852	0.078	0.074	0.0714	3.14	0.0099	0.0087	0.0079	0.0076	0.0073
3.16	0.0976	0.0833	0.0761	0.0724	0.0703	3.16	0.01	0.0085	0.0078	0.0074	0.0072
3.18	0.0997	0.0812	0.0743	0.0717	0.0702	3.18	0.0102	0.0083	0.0076	0.0073	0.0072
3.2	0.1008	0.079	0.0739	0.0718	0.07	3.2	0.0103	0.0081	0.0075	0.0073	0.0071
3.22	0.1006	0.0788	0.074	0.0718	0.0698	3.22	0.0103	0.008	0.0075	0.0073	0.0071
3.24	0.0992	0.0791	0.0741	0.0718	0.0696	3.24	0.0101	0.0081	0.0076	0.0073	0.0071
3.26	0.0967	0.0807	0.0741	0.0718	0.0694	3.26	0.0099	0.0082	0.0076	0.0073	0.0071
3.28	0.0964	0.0822	0.0749	0.072	0.0692	3.28	0.0098	0.0084	0.0076	0.0073	0.0071
3.3	0.0986	0.0834	0.0756	0.0725	0.069	3.3	0.0101	0.0085	0.0077	0.0074	0.007
3.32	0.1001	0.0844	0.0762	0.0729	0.0687	3.32	0.0102	0.0086	0.0078	0.0074	0.007
3.34	0.1009	0.0851	0.0766	0.0732	0.0685	3.34	0.0103	0.0087	0.0078	0.0075	0.007
3.36	0.1012	0.0855	0.0769	0.0734	0.0682	3.36	0.0103	0.0087	0.0078	0.0075	0.007
3.38	0.1009	0.0858	0.0772	0.0736	0.068	3.38	0.0103	0.0087	0.0079	0.0075	0.0069
3.4	0.1002	0.0859	0.0773	0.0736	0.0677	3.4	0.0102	0.0088	0.0079	0.0075	0.0069
3.42	0.0991	0.0858	0.0773	0.0736	0.0674	3.42	0.0101	0.0087	0.0079	0.0075	0.0069
3.44	0.0979	0.0855	0.0773	0.0735	0.067	3.44	0.01	0.0087	0.0079	0.0075	0.0068
3.46	0.0965	0.0852	0.0771	0.0733	0.0667	3.46	0.0098	0.0087	0.0079	0.0075	0.0068
3.48	0.0952	0.0847	0.0769	0.0731	0.0663	3.48	0.0097	0.0086	0.0078	0.0074	0.0068
3.5	0.0939	0.0843	0.0765	0.0727	0.0659	3.5	0.0096	0.0086	0.0078	0.0074	0.0067
3.52	0.0928	0.0838	0.0762	0.0724	0.0655	3.52	0.0095	0.0085	0.0078	0.0074	0.0067
3.54	0.092	0.0833	0.0757	0.072	0.0651	3.54	0.0094	0.0085	0.0077	0.0073	0.0066
3.56	0.0914	0.0827	0.0753	0.0716	0.0647	3.56	0.0093	0.0084	0.0077	0.0073	0.0066
3.58	0.091	0.0822	0.0747	0.0711	0.0642	3.58	0.0093	0.0084	0.0076	0.0072	0.0065
3.6	0.0907	0.0816	0.0742	0.0705	0.0638	3.6	0.0093	0.0083	0.0076	0.0072	0.0065
3.62	0.0906	0.081	0.0736	0.0699	0.0633	3.62	0.0092	0.0083	0.0075	0.0071	0.0065
3.64	0.0906	0.0804	0.0729	0.0693	0.0627	3.64	0.0092	0.0082	0.0074	0.0071	0.0064
3.66	0.0906	0.0798	0.0722	0.0686	0.0622	3.66	0.0092	0.0081	0.0074	0.007	0.0063
3.68	0.0906	0.0791	0.0714	0.0678	0.0617	3.68	0.0092	0.0081	0.0073	0.0069	0.0063
3.7	0.0904	0.0783	0.0705	0.067	0.0613	3.7	0.0092	0.008	0.0072	0.0068	0.0063
3.72	0.0901	0.0774	0.0696	0.0662	0.061	3.72	0.0092	0.0079	0.0071	0.0067	0.0062
3.74	0.0895	0.0764	0.0687	0.0653	0.0607	3.74	0.0091	0.0078	0.007	0.0067	0.0062
3.76	0.0888	0.0753	0.0677	0.0644	0.0604	3.76	0.0091	0.0077	0.0069	0.0066	0.0062
3.78	0.0877	0.0742	0.0666	0.0635	0.0601	3.78	0.0089	0.0076	0.0068	0.0065	0.0061
3.8	0.0864	0.0729	0.0655	0.0629	0.0598	3.8	0.0088	0.0074	0.0067	0.0064	0.0061
3.82	0.0848	0.0714	0.0643	0.0625	0.0594	3.82	0.0086	0.0073	0.0066	0.0064	0.0061
3.84	0.0829	0.0699	0.0634	0.062	0.0591	3.84	0.0084	0.0071	0.0065	0.0063	0.006
3.86	0.0807	0.0683	0.0629	0.0614	0.0587	3.86	0.0082	0.007	0.0064	0.0063	0.006
3.88	0.0783	0.0665	0.0623	0.0609	0.0584	3.88	0.008	0.0068	0.0064	0.0062	0.006
3.9	0.0771	0.0653	0.0617	0.0603	0.058	3.9	0.0079	0.0067	0.0063	0.0062	0.0059
3.92	0.0759	0.0646	0.0611	0.0598	0.0577	3.92	0.0077	0.0066	0.0062	0.0061	0.0059
3.94	0.0744	0.0638	0.0604	0.0592	0.0573	3.94	0.0076	0.0065	0.0062	0.006	0.0058
3.96	0.0727	0.063	0.0597	0.0586	0.0569	3.96	0.0074	0.0064	0.0061	0.006	0.0058
3.98	0.0708	0.0621	0.059	0.0579	0.0566	3.98	0.0072	0.0063	0.006	0.0059	0.0058
4	0.0687	0.0611	0.0583	0.0573	0.0562	4	0.007	0.0062	0.0059	0.0058	0.0057
4.02	0.0665	0.0601	0.0575	0.0567	0.0558	4.02	0.0068	0.0061	0.0059	0.0058	0.0057
4.04	0.0641	0.059	0.0568	0.056	0.0554	4.04	0.0065	0.006	0.0058	0.0057	0.0057
4.06	0.0622	0.058	0.056	0.0553	0.0551	4.06	0.0063	0.0059	0.0057	0.0056	0.0056
4.08	0.0631	0.0569	0.0552	0.0547	0.0547	4.08	0.0064	0.0058	0.0056	0.0056	0.0056
4.1	0.0658	0.0558	0.0544	0.054	0.0543	4.1	0.0067	0.0057	0.0055	0.0055	0.0055
4.12	0.0677	0.0547	0.0536	0.0533	0.0539	4.12	0.0069	0.0056	0.0055	0.0054	0.0055
4.14	0.0686	0.0536	0.0528	0.0527	0.0535	4.14	0.007	0.0055	0.0054	0.0054	0.0055
4.16	0.0686	0.0525	0.052	0.052	0.0531	4.16	0.007	0.0054	0.0053	0.0053	0.0054
4.18	0.0678	0.0518	0.0512	0.0513	0.0527	4.18	0.0069	0.0053	0.0052	0.0052	0.0054
4.2	0.0666	0.0516	0.0504	0.0507	0.0523	4.2	0.0068	0.0053	0.0051	0.0052	0.0053
4.22	0.0658	0.0513	0.0497	0.05	0.052	4.22	0.0067	0.0052	0.0051	0.0051	0.0053
4.24	0.0661	0.0511	0.0489	0.0494	0.0516	4.24	0.0067	0.0052	0.005	0.005	0.0053
4.26	0.0672	0.0507	0.0482	0.0487	0.0512	4.26	0.0068	0.0052	0.0049	0.005	0.0052
4.28	0.068	0.0504	0.0475	0.0481	0.0508	4.28	0.0069	0.0051	0.0048	0.0049	0.0052
4.3	0.0684	0.0501	0.0468	0.0475	0.0504	4.3	0.007	0.0051	0.0048	0.0048	0.0051
4.32	0.0686	0.0497	0.0465	0.0469	0.05	4.32	0.007	0.0051	0.0047	0.0048	0.0051
4.34	0.0683	0.0493	0.0463	0.0463	0.0497	4.34	0.007	0.005	0.0047	0.0047	0.0051
4.36	0.0676	0.0489	0.0461	0.0457	0.0493	4.36	0.0069	0.005	0.0047	0.0047	0.005
4.38	0.0664	0.0486	0.0459	0.0451	0.0489	4.38	0.0068	0.005	0.0047	0.0046	0.005
4.4	0.0658	0.0482	0.0457	0.0446	0.0485	4.4	0.0067	0.0049	0.0047	0.0045	0.0049
4.42	0.0652	0.0478	0.0455	0.0441	0.0482	4.42	0.0067	0.0049	0.0046	0.0045	0.0049
4.44	0.0644	0.0474	0.0452	0.044	0.0478	4.44	0.0066	0.0048	0.0046	0.0045	0.0049
4.46	0.0639	0.0471	0.045	0.0438	0.0474	4.46	0.0065	0.0048	0.0046	0.0045	0.0048
4.48	0.0639	0.0467	0.0448	0.0436	0.0471	4.48	0.0065	0.0048	0.0046	0.0045	0.0048
4.5	0.0637	0.0464	0.0445	0.0435	0.0467	4.5	0.0065	0.0047	0.0045	0.0044	0.0048
4.52	0.0634	0.046	0.0443	0.0433	0.0464	4.52	0.0065	0.0047	0.0045	0.0044	0.0047
4.54	0.0629	0.0457	0.044	0.0431	0.046	4.54	0.0064	0.0047	0.0045	0.0044	0.0047
4.56	0.0622	0.0454	0.0438	0.0429	0.0457	4.56	0.0063	0.0046	0.0045	0.0044	0.0047
4.58	0.0613	0.0451	0.0436	0.0427	0.0453	4.58	0.0063	0.0046	0.0044	0.0044	0.0046
4.6	0.0602	0.0448	0.0433	0.0425	0.045	4.6	0.0061	0.0046	0.0044	0.0043	0.0046
4.62	0.0593	0.0444	0.0431	0.0423	0.0447	4.62	0.006	0.0045	0.0044	0.0043	0.0046
4.64	0.0596	0.0441	0.0428	0.0421	0.0443	4.64	0.0061	0.0045	0.0044	0.0043	0.0045
4.66	0.0596	0.0438	0.0426	0.0419	0.044	4.66	0.0061	0.0045	0.0043	0.0043	0.0045
4.68	0.0595	0.0435	0.0423	0.0417	0.0437	4.68	0.0061	0.0044	0.0043	0.0042	0.0045
4.7	0.0591	0.0433	0.0421	0.0415	0.0434	4.7	0.006	0.0044	0.0043	0.0042	0.0044
4.72	0.0585	0.043	0.0418	0.0412	0.0431	4.72	0.006	0.0044	0.0043	0.0042	0.0044
4.74	0.0577	0.0427	0.0416	0.041	0.0427	4.74	0.0059	0.0044	0.0042	0.0042	0.0044
4.76	0.0567	0.0424	0.0413	0.0408	0.0424	4.76	0.0058	0.0043	0.0042	0.0042	0.0043
4.78	0.0555	0.0421	0.0411	0.0406	0.0421	4.78	0.0057	0.0043	0.0042	0.0041	0.0043
4.8	0.0542	0.0418	0.0408	0.0404	0.0418	4.8	0.0055	0.0043	0.0042	0.0041	0.0043
4.82	0.0527	0.0415	0.0406	0.0401	0.0415	4.82	0.0054	0.0042	0.0041	0.0041	0.0042
4.84	0.051	0.0413	0.0403	0.0399	0.0412	4.84	0.0052	0.0042	0.0041	0.0041	0.0042
4.86	0.0493	0.041	0.0401	0.0397	0.0409	4.86	0.005	0.0042	0.0041	0.004	0.0042
4.88	0.0475	0.0407	0.0398	0.0395	0.0407	4.88	0.0048	0.0041	0.0041	0.004	0.0041
4.9	0.047	0.0404	0.0396	0.0392	0.0404	4.9	0.0048	0.0041	0.004	0.004	0.0041
4.92	0.0465	0.0401	0.0393	0.039	0.0401	4.92	0.0047	0.0041	0.004	0.004	0.0041
4.94	0.0459	0.0398	0.0391	0.0388	0.0398	4.94	0.0047	0.0041	0.004	0.004	0.0041		
4.96	0.0453	0.0395	0.0388	0.0386	0.0395	4.96	0.0046	0.004	0.004	0.0039	0.004		
4.98	0.0446	0.0392	0.0386	0.0383	0.0393	4.98	0.0046	0.004	0.0039	0.0039	0.004		
5	0.0439	0.039	0.0383	0.0381	0.039	5	0.0045	0.004	0.0039	0.0039	0.004		
ESPECTRO_DE_VELOCIDADES_(m/s)													
PERIODO	x=0.02	x=0.05	x=0.08	x=0.10	x=0.20								
0.02	0.0001	0.0001	0.0001	0.0001	0							0.003183099	0.00031831
0.04	0.0002	0.0002	0.0002	0.0002	0.0002							0.006366198	0.00063662
0.06	0.0004	0.0004	0.0004	0.0004	0.0004							0.009549297	0.00095493
0.08	0.001	0.0009	0.0009	0.0009	0.0008							0.012732395	0.00127324
0.1	0.0024	0.0019	0.0017	0.0016	0.0014							0.015915494	0.001591549
0.12	0.0034	0.0027	0.0024	0.0023	0.002							0.019098593	0.001909859
0.14	0.0072	0.0049	0.0041	0.0038	0.003							0.022281692	0.002228169
0.16	0.0145	0.0087	0.0065	0.0056	0.0039							0.025464791	0.002546479
0.18	0.0101	0.0074	0.0065	0.0061	0.0049							0.02864789	0.002864789
0.2	0.0099	0.0079	0.0064	0.006	0.0056							0.031830989	0.003183099
0.22	0.0183	0.0127	0.0103	0.0093	0.0072							0.035014087	0.003501409
0.24	0.0265	0.0178	0.0139	0.0124	0.0086							0.038197186	0.003819719
0.26	0.0265	0.0196	0.0152	0.0132	0.0099							0.041380285	0.004138029
0.28	0.0366	0.0227	0.0179	0.0161	0.0122							0.044563384	0.004456338
0.3	0.0344	0.0226	0.02	0.0189	0.0145							0.047746483	0.004774648
0.32	0.0393	0.0256	0.0217	0.0212	0.0169							0.050929582	0.005092958
0.34	0.0401	0.0303	0.0273	0.0257	0.0193							0.054112681	0.005411268
0.36	0.0467	0.0362	0.0324	0.03	0.0217							0.05729578	0.005729578
0.38	0.0549	0.0447	0.0381	0.0348	0.0238							0.060478878	0.006047888
0.4	0.0685	0.048	0.0413	0.0379	0.0257							0.063661977	0.006366198
0.42	0.0636	0.0495	0.0432	0.0401	0.0268							0.066845076	0.006684508
0.44	0.0898	0.0628	0.0501	0.044	0.028							0.070028175	0.007002817
0.46	0.1104	0.075	0.0569	0.0489	0.0288							0.073211274	0.007321127
0.48	0.1049	0.0761	0.0586	0.0506	0.0308							0.076394373	0.007639437
0.5	0.0959	0.0693	0.0552	0.0487	0.0321							0.079577472	0.007957747
0.52	0.0937	0.0699	0.0554	0.0484	0.0327							0.08276057	0.008276057
0.54	0.1111	0.0772	0.0593	0.0513	0.0337							0.085943669	0.008594367
0.56	0.0986	0.0772	0.0603	0.0526	0.0345							0.089126768	0.008912677
0.58	0.1363	0.0841	0.0623	0.0541	0.0358							0.092309867	0.009230987
0.6	0.1185	0.082	0.0627	0.0547	0.0371							0.095492966	0.009549297
0.62	0.0982	0.076	0.0626	0.0562	0.0377							0.098676065	0.009867606
0.64	0.1037	0.0799	0.066	0.059	0.0383							0.101859164	0.010185916
0.66	0.122	0.0803	0.0666	0.0593	0.0381							0.105042262	0.010504226
0.68	0.1348	0.0787	0.0648	0.0581	0.0383							0.108225361	0.010822536
0.7	0.1355	0.0901	0.0678	0.0588	0.0414							0.11140846	0.011140846
0.72	0.1422	0.0938	0.0697	0.06	0.0443							0.114591559	0.011459156
0.74	0.1296	0.0871	0.0658	0.06	0.0471							0.117774658	0.011777466
0.76	0.1424	0.0809	0.0668	0.0636	0.0496							0.120957757	0.012095776
0.78	0.1294	0.0774	0.0704	0.0672	0.0519							0.124140856	0.012414086
0.8	0.1101	0.0796	0.0748	0.0712	0.0542							0.127323954	0.012732395
0.82	0.1179	0.0885	0.0804	0.0758	0.0565							0.130507053	0.013050705
0.84	0.109	0.0953	0.0857	0.0802	0.0583							0.133690152	0.013369015
0.86	0.1062	0.0999	0.0901	0.084	0.0598							0.136873251	0.013687325
0.88	0.116	0.1058	0.0947	0.0878	0.0611							0.14005635	0.014005635
0.9	0.1303	0.113	0.0992	0.0913	0.0622							0.143239449	0.014323945
0.92	0.1433	0.1183	0.1026	0.0939	0.0627							0.146422548	0.014642255
0.94	0.1385	0.1219	0.1058	0.0964	0.0626							0.149605647	0.014960565
0.96	0.1408	0.1248	0.108	0.098	0.0657							0.152788745	0.015278875
0.98	0.148	0.1291	0.1102	0.0991	0.0689							0.155971844	0.015597184
1	0.1606	0.1338	0.1118	0.0995	0.0721							0.159154943	0.015915494
1.02	0.1745	0.1381	0.1129	0.0997	0.0754							0.162338042	0.016233804
1.04	0.1788	0.1409	0.1168	0.1073	0.0787							0.165521141	0.016552114
1.06	0.1794	0.1448	0.1255	0.1149	0.0817							0.16870424	0.016870424
1.08	0.1819	0.1558	0.1343	0.122	0.0845							0.171887339	0.017188734
1.1	0.195	0.1674	0.1425	0.1287	0.0868							0.175070437	0.017507044
1.12	0.2187	0.1793	0.1499	0.1343	0.0888							0.178253536	0.017825354
1.14	0.2418	0.1891	0.1559	0.1391	0.0908							0.181436635	0.018143664
1.16	0.2536	0.1949	0.1597	0.1421	0.0923							0.184619734	0.018461973
1.18	0.2594	0.1973	0.1621	0.144	0.0932							0.187802833	0.018780283
1.2	0.2556	0.1972	0.1622	0.1439	0.0936							0.190985932	0.019098593
1.22	0.2691	0.1958	0.1608	0.143	0.0937							0.194169031	0.019416903
1.24	0.2681	0.1935	0.158	0.1402	0.0936							0.197352129	0.019735213
1.26	0.2795	0.1929	0.1532	0.1365	0.093							0.200535228	0.020053523
1.28	0.2807	0.1885	0.1483	0.1337	0.0918							0.203718327	0.020371833
1.3	0.2646	0.18	0.1452	0.1312	0.0907							0.206901426	0.020690143
1.32	0.2318	0.1701	0.1411	0.1284	0.0892							0.210084525	0.021008452
1.34	0.201	0.1603	0.1364	0.1251	0.0875							0.213267624	0.021326762
1.36	0.1803	0.1509	0.1313	0.1218	0.0859							0.216450723	0.021645072
1.38	0.1661	0.1426	0.1266	0.1184	0.0844							0.219633821	0.021963382
1.4	0.1552	0.1358	0.1227	0.115	0.083							0.22281692	0.022281692
1.42	0.1488	0.1298	0.1193	0.1122	0.0817							0.226000019	0.022600002
1.44	0.1524	0.1264	0.1164	0.1094	0.0803							0.229183118	0.022918312
1.46	0.1629	0.1272	0.1142	0.1065	0.0787							0.232366217	0.023236622
1.48	0.1879	0.1284	0.1133	0.1064	0.0787							0.235549316	0.023554932
1.5	0.2204	0.1369	0.1147	0.1067	0.0791							0.238732415	0.023873241
1.52	0.2262	0.1419	0.1159	0.107	0.0793							0.241915513	0.024191551
1.54	0.2043	0.1411	0.1158	0.1067	0.0793							0.245098612	0.024509861
1.56	0.1937	0.1368	0.1145	0.1055	0.0792							0.248281711	0.024828171
1.58	0.1748	0.1321	0.112	0.1039	0.0789							0.25146481	0.025146481
1.6	0.173	0.1282	0.1087	0.1019	0.0786							0.254647909	0.025464791
1.62	0.1862	0.1243	0.1052	0.0995	0.0783							0.257831008	0.025783101
1.64	0.1989	0.123	0.1016	0.0972	0.0779							0.261014107	0.026101411
1.66	0.1978	0.1246	0.0985	0.095	0.0774							0.264197206	0.026419721
1.68	0.1944	0.1268	0.0978	0.093	0.0768							0.267380304	0.02673803
1.7	0.189	0.1262	0.0996	0.0928	0.0762							0.270563403	0.02705634
1.72	0.1846	0.1253	0.1013	0.0942	0.0756							0.273746502	0.02737465
1.74	0.179	0.1254	0.1027	0.0954	0.075							0.276929601	0.02769296
1.76	0.1775	0.1246	0.1037	0.0963	0.0745							0.2801127	0.02801127
1.78	0.1734	0.1226	0.1046	0.0969	0.0739							0.283295799	0.02832958
1.8	0.1642	0.1196	0.1053	0.0974	0.0734							0.286478898	0.02864789
1.82	0.1533	0.12	0.1055	0.0977	0.0728							0.289661996	0.0289662
1.84	0.1475	0.1204	0.1054	0.0975	0.0722							0.292845095	0.02928451
1.86	0.141	0.1203	0.1052	0.0971	0.0716							0.296028194	0.029602819
1.88	0.1422	0.1198	0.1046	0.0966	0.0713							0.299211293	0.029921129
1.9	0.1419	0.1187	0.1035	0.0958	0.071							0.302394392	0.030239439
1.92	0.1389	0.1168	0.1022	0.0946	0.0706							0.305577491	0.030557749
1.94	0.1341	0.1145	0.1006	0.0932	0.0701							0.30876059	0.030876059
1.96	0.1283	0.1116	0.0985	0.0917	0.0694							0.311943688	0.031194369
1.98	0.1232	0.1086	0.0964	0.0899	0.0689							0.315126787	0.031512679
2	0.1191	0.1054	0.0941	0.0879	0.0685							0.318309886	0.031830989
2.02	0.1154	0.1019	0.0915	0.0859	0.0681							0.321492985	0.032149299
2.04	0.1117	0.0983	0.0888	0.0837	0.0677							0.324676084	0.032467608
2.06	0.107	0.0945	0.086	0.0814	0.0674							0.327859183	0.032785918
2.08	0.101	0.0905	0.0831	0.079	0.0671							0.331042282	0.033104228
2.1	0.0942	0.0864	0.0802	0.0765	0.0668							0.33422538	0.033422538
2.12	0.0905	0.0822	0.0772	0.0741	0.0666							0.337408479	0.033740848
2.14	0.0884	0.0781	0.0741	0.0716	0.0663							0.340591578	0.034059158
2.16	0.086	0.0744	0.0712	0.0696	0.0661							0.343774677	0.034377468
2.18	0.0838	0.0739	0.0693	0.0693	0.0659							0.346957776	0.034695778
2.2	0.0822	0.0734	0.0691	0.0691	0.0657							0.350140875	0.035014087
2.22	0.0812	0.0728	0.0691	0.069	0.0656							0.353323974	0.035332397
2.24	0.0808	0.0724	0.0692	0.069	0.0654							0.356507073	0.035650707
2.26	0.0809	0.0721	0.0693	0.069	0.0652							0.359690171	0.035969017
2.28	0.0812	0.0718	0.0696	0.0691	0.0651							0.36287327	0.036287327
2.3	0.0819	0.0715	0.0699	0.0692	0.065							0.366056369	0.036605637
2.32	0.0829	0.0714	0.0702	0.0694	0.0648							0.369239468	0.036923947
2.34	0.0842	0.0723	0.0706	0.0695	0.0647							0.372422567	0.037242257
2.36	0.0856	0.0733	0.0709	0.0696	0.0646							0.375605666	0.037560567
2.38	0.0868	0.0742	0.0712	0.0697	0.0645							0.378788765	0.037878876
2.4	0.0873	0.075	0.0714	0.0698	0.0643							0.381971863	0.038197186
2.42	0.0868	0.0755	0.0715	0.0698	0.0642							0.385154962	0.038515496
2.44	0.085	0.0758	0.0715	0.0698	0.0641							0.388338061	0.038833806
2.46	0.0854	0.0758	0.0714	0.0697	0.064							0.39152116	0.039152116
2.48	0.0848	0.0754	0.0712	0.0695	0.0639							0.394704259	0.039470426
2.5	0.083	0.0748	0.0709	0.0693	0.0638							0.397887358	0.039788736
2.52	0.0803	0.0739	0.0705	0.069	0.0637							0.401070457	0.040107046
2.54	0.0769	0.0727	0.07	0.0687	0.0636							0.404253555	0.040425356
2.56	0.0767	0.0715	0.0695	0.0684	0.0635							0.407436654	0.040743665
2.58	0.0765	0.0703	0.069	0.068	0.0634							0.410619753	0.041061975
2.6	0.0753	0.0691	0.0686	0.0677	0.0632							0.413802852	0.041380285
2.62	0.0735	0.0682	0.0681	0.0674	0.0631							0.416985951	0.041698595
2.64	0.0713	0.0674	0.0677	0.0671	0.063							0.42016905	0.042016905
2.66	0.0692	0.0669	0.0674	0.0669	0.0629							0.423352149	0.042335215
2.68	0.0674	0.0667	0.0672	0.0666	0.0627							0.426535247	0.042653525
2.7	0.0663	0.0667	0.067	0.0665	0.0626							0.429718346	0.042971835
2.72	0.066	0.0669	0.0669	0.0663	0.0625							0.432901445	0.043290145
2.74	0.0668	0.0672	0.0668	0.0662	0.0623							0.436084544	0.043608454
2.76	0.0688	0.0677	0.0667	0.066	0.0622							0.439267643	0.043926764
2.78	0.0706	0.0684	0.0667	0.0659	0.0621							0.442450742	0.044245074
2.8	0.072	0.0692	0.0667	0.0658	0.0619							0.445633841	0.044563384
2.82	0.074	0.07	0.0667	0.0657	0.0618							0.44881694	0.044881694
2.84	0.0761	0.0708	0.0669	0.0656	0.0617							0.452000038	0.045200004
2.86	0.0778	0.0715	0.0673	0.0655	0.0615							0.455183137	0.045518314
2.88	0.0791	0.0722	0.0677	0.0654	0.0614							0.458366236	0.045836624
2.9	0.0799	0.0727	0.0681	0.0655	0.0613							0.461549335	0.046154933
2.92	0.0803	0.0731	0.0684	0.0658	0.0611							0.464732434	0.046473243
2.94	0.0803	0.0734	0.0687	0.0661	0.061							0.467915533	0.046791553
2.96	0.08	0.0737	0.069	0.0663	0.0608							0.471098632	0.047109863
2.98	0.0796	0.0738	0.0692	0.0665	0.0607							0.47428173	0.047428173
3	0.0791	0.074	0.0694	0.0667	0.0605							0.477464829	0.047746483
3.02	0.0787	0.0741	0.0695	0.0669	0.0604							0.480647928	0.048064793
3.04	0.0785	0.0742	0.0697	0.067	0.0602							0.483831027	0.048383103
3.06	0.0784	0.0743	0.0698	0.0671	0.06							0.487014126	0.048701413
3.08	0.0786	0.0744	0.0699	0.0672	0.0599							0.490197225	0.049019722
3.1	0.0789	0.0745	0.07	0.0673	0.0597							0.493380324	0.049338032
3.12	0.0794	0.0747	0.0701	0.0673	0.0596							0.496563422	0.049656342
3.14	0.0799	0.0748	0.0701	0.0673	0.0594							0.499746521	0.049974652
3.16	0.0805	0.0748	0.0701	0.0674	0.0592							0.50292962	0.050292962
3.18	0.081	0.0749	0.0701	0.0673	0.0591							0.506112719	0.050611272
3.2	0.0814	0.0748	0.07	0.0673	0.0589							0.509295818	0.050929582
3.22	0.0817	0.0747	0.0699	0.0672	0.0587							0.512478917	0.051247892
3.24	0.0817	0.0746	0.0698	0.0671	0.0585							0.515662016	0.051566202
3.26	0.0814	0.0744	0.0696	0.067	0.0584							0.518845114	0.051884511
3.28	0.0809	0.0741	0.0694	0.0668	0.0582							0.522028213	0.052202821
3.3	0.0801	0.0737	0.0692	0.0667	0.058							0.525211312	0.052521131
3.32	0.0791	0.0733	0.0689	0.0665	0.0578							0.528394411	0.052839441
3.34	0.078	0.0728	0.0686	0.0662	0.0576							0.53157751	0.053157751
3.36	0.0768	0.0722	0.0683	0.066	0.0575							0.534760609	0.053476061
3.38	0.0755	0.0716	0.068	0.0657	0.0573							0.537943708	0.053794371
3.4	0.0742	0.0711	0.0676	0.0655	0.0571							0.541126807	0.054112681
3.42	0.073	0.0705	0.0673	0.0652	0.0569							0.544309905	0.054430991
3.44	0.0719	0.0699	0.067	0.0649	0.0568							0.547493004	0.0547493
3.46	0.0709	0.0694	0.0666	0.0646	0.0566							0.550676103	0.05506761
3.48	0.0701	0.0689	0.0663	0.0644	0.0564							0.553859202	0.05538592
3.5	0.0695	0.0685	0.066	0.0641	0.0562							0.557042301	0.05570423
3.52	0.0691	0.0681	0.0656	0.0638	0.0561							0.5602254	0.05602254
3.54	0.0688	0.0677	0.0653	0.0635	0.0559							0.563408499	0.05634085
3.56	0.0687	0.0674	0.065	0.0632	0.0557							0.566591597	0.05665916
3.58	0.0687	0.0671	0.0647	0.0629	0.0556							0.569774696	0.05697747
3.6	0.0688	0.0668	0.0643	0.0626	0.0554							0.572957795	0.05729578
3.62	0.0689	0.0665	0.064	0.0623	0.0552							0.576140894	0.057614089
3.64	0.0691	0.0663	0.0637	0.062	0.055							0.579323993	0.057932399
3.66	0.0692	0.066	0.0634	0.0617	0.0549							0.582507092	0.058250709
3.68	0.0693	0.0657	0.063	0.0614	0.0547							0.585690191	0.058569019
3.7	0.0693	0.0654	0.0627	0.0611	0.0545							0.588873289	0.058887329
3.72	0.0693	0.0651	0.0623	0.0607	0.0544							0.592056388	0.059205639
3.74	0.0691	0.0647	0.0619	0.0604	0.0542							0.595239487	0.059523949
3.76	0.0688	0.0643	0.0615	0.06	0.054							0.598422586	0.059842259
3.78	0.0684	0.0638	0.0611	0.0596	0.0538							0.601605685	0.060160568
3.8	0.0688	0.0633	0.0606	0.0592	0.0537							0.604788784	0.060478878
3.82	0.0702	0.0627	0.0602	0.0588	0.0535							0.607971883	0.060797188
3.84	0.0715	0.0631	0.0597	0.0584	0.0533							0.611154981	0.061115498
3.86	0.0727	0.0639	0.0592	0.058	0.0531							0.61433808	0.061433808
3.88	0.0737	0.0645	0.0587	0.0576	0.053							0.617521179	0.061752118
3.9	0.0746	0.0651	0.0587	0.0571	0.0528							0.620704278	0.062070428
3.92	0.0753	0.0656	0.0591	0.0567	0.0526							0.623887377	0.062388738
3.94	0.0757	0.066	0.0595	0.0562	0.0525							0.627070476	0.062707048
3.96	0.076	0.0663	0.0598	0.0564	0.0523							0.630253575	0.063025357
3.98	0.0761	0.0665	0.06	0.0567	0.0521							0.633436674	0.063343667
4	0.0761	0.0667	0.0602	0.0569	0.052							0.636619772	0.063661977
4.02	0.0758	0.0667	0.0604	0.057	0.0518							0.639802871	0.063980287
4.04	0.0755	0.0667	0.0605	0.0572	0.0516							0.64298597	0.064298597
4.06	0.075	0.0667	0.0606	0.0573	0.0515							0.646169069	0.064616907
4.08	0.0744	0.0665	0.0606	0.0574	0.0513							0.649352168	0.064935217
4.1	0.0738	0.0664	0.0606	0.0575	0.0511							0.652535267	0.065253527
4.12	0.0731	0.0661	0.0606	0.0575	0.051							0.655718366	0.065571837
4.14	0.0724	0.0659	0.0605	0.0575	0.0508							0.658901464	0.065890146
4.16	0.0717	0.0656	0.0604	0.0575	0.0507							0.662084563	0.066208456
4.18	0.0709	0.0652	0.0603	0.0575	0.0505							0.665267662	0.066526766
4.2	0.0702	0.0649	0.0602	0.0574	0.0504							0.668450761	0.066845076
4.22	0.0694	0.0645	0.0601	0.0574	0.0502							0.67163386	0.067163386
4.24	0.0687	0.0642	0.0599	0.0573	0.0501							0.674816959	0.067481696
4.26	0.068	0.0638	0.0597	0.0572	0.0499							0.678000058	0.067800006
4.28	0.0674	0.0635	0.0595	0.0571	0.0499							0.681183156	0.068118316
4.3	0.0667	0.0631	0.0593	0.057	0.0499							0.684366255	0.068436626
4.32	0.0662	0.0628	0.0591	0.0568	0.0499							0.687549354	0.068754935
4.34	0.0656	0.0624	0.0589	0.0567	0.0499							0.690732453	0.069073245
4.36	0.0651	0.0621	0.0587	0.0566	0.0498							0.693915552	0.069391555
4.38	0.0646	0.0618	0.0585	0.0564	0.0498							0.697098651	0.069709865
4.4	0.0642	0.0614	0.0583	0.0562	0.0498							0.70028175	0.070028175
4.42	0.0637	0.0611	0.0581	0.0561	0.0497							0.703464848	0.070346485
4.44	0.0633	0.0608	0.0579	0.0559	0.0497							0.706647947	0.070664795
4.46	0.063	0.0605	0.0577	0.0558	0.0497							0.709831046	0.070983105
4.48	0.0626	0.0602	0.0574	0.0556	0.0496							0.713014145	0.071301415
4.5	0.0623	0.0599	0.0572	0.0554	0.0496							0.716197244	0.071619724
4.52	0.062	0.0596	0.057	0.0552	0.0496							0.719380343	0.071938034
4.54	0.0617	0.0594	0.0568	0.0551	0.0495							0.722563442	0.072256344
4.56	0.0613	0.0591	0.0566	0.0549	0.0495							0.72574654	0.072574654
4.58	0.061	0.0588	0.0564	0.0547	0.0495							0.728929639	0.072892964
4.6	0.0607	0.0585	0.0562	0.0545	0.0494							0.732112738	0.073211274
4.62	0.0604	0.0583	0.0559	0.0544	0.0494							0.735295837	0.073529584
4.64	0.0602	0.058	0.0557	0.0542	0.0493							0.738478936	0.073847894
4.66	0.0599	0.0577	0.0555	0.054	0.0493							0.741662035	0.074166203
4.68	0.0596	0.0575	0.0553	0.0538	0.0493							0.744845134	0.074484513
4.7	0.0593	0.0572	0.0551	0.0536	0.0492							0.748028233	0.074802823
4.72	0.059	0.0569	0.0549	0.0535	0.0492							0.751211331	0.075121133
4.74	0.0587	0.0567	0.0546	0.0533	0.0491							0.75439443	0.075439443
4.76	0.0583	0.0564	0.0544	0.0531	0.0491							0.757577529	0.075757753
4.78	0.058	0.0561	0.0542	0.0529	0.0491							0.760760628	0.076076063
4.8	0.0577	0.0559	0.054	0.0527	0.049							0.763943727	0.076394373
4.82	0.0574	0.0556	0.0538	0.0525	0.049							0.767126826	0.076712683
4.84	0.0571	0.0553	0.0535	0.0523	0.0489							0.770309925	0.077030992
4.86	0.0568	0.0551	0.0533	0.0521	0.0489							0.773493023	0.077349302
4.88	0.0565	0.0548	0.0531	0.0519	0.0489							0.776676122	0.077667612
4.9	0.0562	0.0545	0.0529	0.0517	0.0488							0.779859221	0.077985922
4.92	0.0558	0.0543	0.0526	0.0515	0.0488							0.78304232	0.078304232
4.94	0.0555	0.054	0.0524	0.0513	0.0487							0.786225419	0.078622542
4.96	0.0552	0.0537	0.0522	0.0511	0.0487							0.789408518	0.078940852
4.98	0.0549	0.0534	0.0519	0.0509	0.0487							0.792591617	0.079259162
5	0.0546	0.0532	0.0517	0.0507	0.0486							0.795774715	0.079577472
ESPECTRO_DE_DESPLAZAMIENTOS_(m)					
PERIODO	x=0.02	x=0.05	x=0.08	x=0.10	x=0.20
0.02	0	0	0	0	0
0.04	0	0	0	0	0
0.06	0	0	0	0	0
0.08	0.0001	0.0001	0.0001	0.0001	0.0001
0.1	0.0001	0.0001	0.0001	0.0001	0.0001
0.12	0.0001	0.0001	0.0001	0.0001	0.0001
0.14	0.0003	0.0002	0.0002	0.0002	0.0002
0.16	0.0005	0.0004	0.0003	0.0003	0.0003
0.18	0.0004	0.0004	0.0003	0.0003	0.0003
0.2	0.0006	0.0005	0.0004	0.0004	0.0004
0.22	0.0009	0.0007	0.0006	0.0006	0.0005
0.24	0.0012	0.0009	0.0007	0.0007	0.0006
0.26	0.0013	0.001	0.0009	0.0008	0.0007
0.28	0.0018	0.0012	0.001	0.001	0.0008
0.3	0.0021	0.0013	0.0011	0.001	0.0009
0.32	0.0022	0.0015	0.0013	0.0013	0.0011
0.34	0.0024	0.0019	0.0017	0.0016	0.0012
0.36	0.0029	0.0024	0.0021	0.0019	0.0014
0.38	0.0036	0.003	0.0025	0.0023	0.0016
0.4	0.0047	0.0035	0.0029	0.0026	0.0018
0.42	0.0046	0.004	0.0035	0.0032	0.0021
0.44	0.0068	0.0051	0.0043	0.0038	0.0025
0.46	0.0088	0.0064	0.0049	0.0043	0.0027
0.48	0.0089	0.0066	0.0052	0.0046	0.003
0.5	0.0084	0.0062	0.005	0.0046	0.0034
0.52	0.0086	0.0068	0.0057	0.0052	0.0037
0.54	0.0104	0.0077	0.0063	0.0057	0.004
0.56	0.0094	0.0078	0.0065	0.0059	0.0042
0.58	0.0126	0.008	0.0064	0.0059	0.0044
0.6	0.0118	0.0079	0.0062	0.0058	0.0046
0.62	0.0105	0.0081	0.0066	0.0059	0.0047
0.64	0.0113	0.0086	0.007	0.0062	0.0048
0.66	0.013	0.0087	0.0071	0.0063	0.005
0.68	0.0151	0.0092	0.0072	0.0064	0.0051
0.7	0.016	0.0105	0.0078	0.0067	0.0053
0.72	0.0164	0.0107	0.0078	0.0068	0.0055
0.74	0.015	0.0101	0.0081	0.007	0.0058
0.76	0.0171	0.0101	0.0082	0.0072	0.0061
0.78	0.0158	0.0102	0.0082	0.0076	0.0064
0.8	0.0145	0.0104	0.0086	0.0083	0.0068
0.82	0.0152	0.0104	0.0095	0.0091	0.0073
0.84	0.0131	0.0114	0.0105	0.01	0.0078
0.86	0.0127	0.0123	0.0114	0.0109	0.0084
0.88	0.0143	0.0135	0.0125	0.0118	0.0089
0.9	0.0168	0.015	0.0136	0.0128	0.0095
0.92	0.0194	0.0164	0.0148	0.0138	0.01
0.94	0.0195	0.0177	0.0159	0.0148	0.0105
0.96	0.0205	0.019	0.0171	0.0158	0.011
0.98	0.0224	0.0205	0.0183	0.0169	0.0115
1	0.0254	0.0223	0.0196	0.0179	0.0119
1.02	0.029	0.0242	0.0209	0.019	0.0122
1.04	0.0313	0.026	0.0221	0.0199	0.0125
1.06	0.0328	0.0276	0.0232	0.0207	0.0128
1.08	0.0346	0.029	0.0242	0.0215	0.013
1.1	0.0373	0.0305	0.025	0.022	0.0133
1.12	0.041	0.0318	0.0256	0.0224	0.0136
1.14	0.044	0.0328	0.026	0.0226	0.0139
1.16	0.0475	0.0332	0.026	0.023	0.0141
1.18	0.0484	0.0336	0.0265	0.0235	0.0146
1.2	0.0497	0.0354	0.027	0.0238	0.0151
1.22	0.0524	0.0369	0.0272	0.024	0.0155
1.24	0.054	0.038	0.0279	0.0241	0.0159
1.26	0.057	0.0384	0.0282	0.0242	0.0162
1.28	0.0576	0.038	0.028	0.0245	0.0165
1.3	0.0544	0.0367	0.0277	0.0246	0.0167
1.32	0.0493	0.0346	0.0272	0.0246	0.0169
1.34	0.044	0.0326	0.0266	0.0244	0.017
1.36	0.0407	0.0314	0.0261	0.0242	0.0171
1.38	0.0385	0.0304	0.0256	0.024	0.0172
1.4	0.0368	0.0294	0.0252	0.0238	0.0172
1.42	0.0359	0.0285	0.025	0.0236	0.0172
1.44	0.0364	0.0276	0.025	0.0235	0.0172
1.46	0.0376	0.0274	0.0251	0.0234	0.0171
1.48	0.0443	0.0286	0.0252	0.0233	0.017
1.5	0.0493	0.0297	0.0252	0.0231	0.0169
1.52	0.0497	0.0302	0.0249	0.0229	0.0168
1.54	0.0481	0.03	0.0244	0.0224	0.0166
1.56	0.0442	0.0304	0.0236	0.0218	0.0165
1.58	0.0409	0.0307	0.0243	0.0211	0.0163
1.6	0.0423	0.0313	0.0248	0.0214	0.0161
1.62	0.0467	0.032	0.0252	0.0217	0.0158
1.64	0.0492	0.0326	0.0254	0.0218	0.0156
1.66	0.0501	0.0329	0.0254	0.0218	0.0154
1.68	0.0486	0.0326	0.0252	0.0216	0.0152
1.7	0.0472	0.0321	0.0247	0.0212	0.015
1.72	0.0473	0.0313	0.0241	0.0208	0.0147
1.74	0.0474	0.0309	0.0239	0.0209	0.0145
1.76	0.0466	0.0302	0.024	0.021	0.0143
1.78	0.0448	0.0302	0.0241	0.021	0.0141
1.8	0.0435	0.03	0.024	0.0209	0.0139
1.82	0.0417	0.0299	0.0238	0.0207	0.0137
1.84	0.0397	0.0297	0.0236	0.0205	0.0135
1.86	0.0387	0.0295	0.0232	0.0203	0.0138
1.88	0.0389	0.0291	0.0228	0.0207	0.0141
1.9	0.0385	0.0285	0.0233	0.0211	0.0143
1.92	0.0373	0.0279	0.0237	0.0215	0.0145
1.94	0.0356	0.0282	0.024	0.0217	0.0147
1.96	0.034	0.0284	0.0242	0.022	0.0149
1.98	0.0336	0.0285	0.0243	0.0221	0.015
2	0.0335	0.0286	0.0245	0.0222	0.0151
2.02	0.0336	0.0286	0.0245	0.0223	0.0152
2.04	0.0338	0.0285	0.0245	0.0223	0.0153
2.06	0.0339	0.0283	0.0244	0.0223	0.0154
2.08	0.0335	0.028	0.0242	0.0221	0.0154
2.1	0.0328	0.0277	0.024	0.022	0.0154
2.12	0.0317	0.0272	0.0237	0.0218	0.0154
2.14	0.0305	0.0267	0.0234	0.0216	0.0154
2.16	0.0293	0.0261	0.0231	0.0214	0.0154
2.18	0.0283	0.0256	0.0227	0.0211	0.0153
2.2	0.0276	0.0251	0.0224	0.0208	0.0152
2.22	0.0272	0.0246	0.022	0.0204	0.0151
2.24	0.0269	0.0241	0.0215	0.0201	0.015
2.26	0.0266	0.0236	0.0211	0.0197	0.0149
2.28	0.0264	0.0232	0.0206	0.0193	0.0148
2.3	0.0262	0.0226	0.0201	0.0188	0.0147
2.32	0.0259	0.022	0.0196	0.0184	0.0145
2.34	0.0264	0.0213	0.019	0.0179	0.0146
2.36	0.0272	0.0205	0.0183	0.0176	0.0146
2.38	0.0276	0.0198	0.0185	0.0178	0.0147
2.4	0.0275	0.0203	0.0189	0.018	0.0148
2.42	0.0267	0.0209	0.0192	0.0183	0.0149
2.44	0.0253	0.0215	0.0195	0.0185	0.0149
2.46	0.0263	0.0221	0.0198	0.0187	0.015
2.48	0.0273	0.0225	0.02	0.0188	0.015
2.5	0.0279	0.0228	0.0202	0.019	0.0151
2.52	0.028	0.0229	0.0203	0.0191	0.0151
2.54	0.0277	0.0229	0.0204	0.0192	0.0151
2.56	0.027	0.0229	0.0205	0.0193	0.0152
2.58	0.0261	0.0227	0.0205	0.0193	0.0152
2.6	0.025	0.0225	0.0205	0.0193	0.0152
2.62	0.0238	0.0223	0.0205	0.0194	0.0152
2.64	0.0229	0.0221	0.0205	0.0194	0.0152
2.66	0.0222	0.022	0.0205	0.0194	0.0152
2.68	0.0219	0.0219	0.0205	0.0194	0.0152
2.7	0.022	0.0219	0.0205	0.0194	0.0152
2.72	0.0224	0.022	0.0205	0.0194	0.0152
2.74	0.0231	0.0222	0.0205	0.0194	0.0151
2.76	0.024	0.0224	0.0206	0.0195	0.0151
2.78	0.0249	0.0226	0.0206	0.0195	0.0151
2.8	0.0257	0.0227	0.0207	0.0195	0.015
2.82	0.0263	0.0229	0.0207	0.0194	0.015
2.84	0.0268	0.023	0.0207	0.0194	0.0149
2.86	0.027	0.0231	0.0207	0.0194	0.0149
2.88	0.0269	0.0231	0.0207	0.0194	0.0148
2.9	0.0267	0.0231	0.0206	0.0193	0.0147
2.92	0.0264	0.023	0.0205	0.0192	0.0147
2.94	0.0259	0.0228	0.0205	0.0192	0.0146
2.96	0.0254	0.0227	0.0204	0.0191	0.0145
2.98	0.0249	0.0225	0.0202	0.019	0.0144
3	0.0245	0.0223	0.0201	0.0188	0.0144
3.02	0.0244	0.0221	0.02	0.0187	0.0143
3.04	0.0246	0.0219	0.0198	0.0186	0.0142
3.06	0.0247	0.0218	0.0196	0.0184	0.0141
3.08	0.0248	0.0216	0.0195	0.0183	0.014
3.1	0.0247	0.0214	0.0193	0.0181	0.0138
3.12	0.0246	0.0212	0.0191	0.0179	0.0138
3.14	0.0243	0.021	0.0189	0.0177	0.014
3.16	0.0247	0.0208	0.0186	0.0175	0.0141
3.18	0.0255	0.0205	0.0184	0.0173	0.0143
3.2	0.0261	0.0203	0.0184	0.0176	0.0144
3.22	0.0264	0.0203	0.0187	0.0178	0.0145
3.24	0.0264	0.0207	0.0189	0.018	0.0147
3.26	0.026	0.0214	0.0191	0.0182	0.0148
3.28	0.0262	0.022	0.0195	0.0184	0.015
3.3	0.0271	0.0226	0.0199	0.0186	0.0151
3.32	0.0279	0.0231	0.0203	0.0189	0.0152
3.34	0.0284	0.0236	0.0207	0.0192	0.0153
3.36	0.0289	0.024	0.021	0.0195	0.0155
3.38	0.0291	0.0244	0.0213	0.0198	0.0156
3.4	0.0292	0.0247	0.0216	0.02	0.0157
3.42	0.0293	0.0249	0.0218	0.0202	0.0158
3.44	0.0293	0.0252	0.0221	0.0204	0.0159
3.46	0.0292	0.0254	0.0223	0.0206	0.016
3.48	0.0291	0.0255	0.0224	0.0208	0.0161
3.5	0.0291	0.0257	0.0226	0.0209	0.0162
3.52	0.0291	0.0258	0.0227	0.021	0.0163
3.54	0.0291	0.0259	0.0228	0.0211	0.0164
3.56	0.0292	0.026	0.0229	0.0212	0.0164
3.58	0.0294	0.0261	0.023	0.0212	0.0165
3.6	0.0297	0.0263	0.0231	0.0213	0.0166
3.62	0.03	0.0263	0.0231	0.0213	0.0167
3.64	0.0303	0.0264	0.0231	0.0213	0.0167
3.66	0.0306	0.0265	0.0231	0.0213	0.0168
3.68	0.031	0.0265	0.0231	0.0213	0.0169
3.7	0.0313	0.0266	0.0231	0.0212	0.0169
3.72	0.0315	0.0265	0.023	0.0212	0.017
3.74	0.0316	0.0265	0.0229	0.0211	0.017
3.76	0.0317	0.0264	0.0228	0.021	0.0171
3.78	0.0317	0.0262	0.0227	0.0211	0.0171
3.8	0.0315	0.026	0.0225	0.0211	0.0172
3.82	0.0312	0.0258	0.0223	0.0212	0.0172
3.84	0.0309	0.0255	0.0223	0.0212	0.0173
3.86	0.0304	0.0251	0.0223	0.0212	0.0173
3.88	0.0298	0.0248	0.0224	0.0212	0.0173
3.9	0.0296	0.0246	0.0224	0.0212	0.0173
3.92	0.0295	0.0245	0.0223	0.0212	0.0174
3.94	0.0292	0.0245	0.0223	0.0212	0.0174
3.96	0.0288	0.0244	0.0222	0.0212	0.0174
3.98	0.0284	0.0243	0.0222	0.0211	0.0174
4	0.0278	0.0241	0.0221	0.0211	0.0174
4.02	0.0272	0.0239	0.022	0.021	0.0174
4.04	0.0265	0.0237	0.0219	0.0209	0.0174
4.06	0.0258	0.0235	0.0218	0.0209	0.0174
4.08	0.0266	0.0233	0.0217	0.0208	0.0174
4.1	0.028	0.0231	0.0216	0.0207	0.0174
4.12	0.0291	0.0229	0.0215	0.0206	0.0174
4.14	0.0297	0.0226	0.0213	0.0205	0.0174
4.16	0.03	0.0224	0.0212	0.0204	0.0174
4.18	0.03	0.0225	0.021	0.0203	0.0174
4.2	0.0298	0.0226	0.0209	0.0202	0.0174
4.22	0.0297	0.0227	0.0207	0.0201	0.0174
4.24	0.0301	0.0227	0.0206	0.02	0.0174
4.26	0.0309	0.0228	0.0205	0.0199	0.0173
4.28	0.0315	0.0228	0.0206	0.0198	0.0173
4.3	0.032	0.0229	0.0207	0.0197	0.0173
4.32	0.0324	0.0229	0.0208	0.0196	0.0173
4.34	0.0326	0.0229	0.0209	0.0196	0.0173
4.36	0.0325	0.023	0.0209	0.0198	0.0172
4.38	0.0322	0.023	0.021	0.0199	0.0172
4.4	0.0322	0.023	0.0211	0.02	0.0172
4.42	0.0322	0.023	0.0212	0.02	0.0172
4.44	0.0321	0.023	0.0213	0.0201	0.0171
4.46	0.0322	0.0231	0.0213	0.0202	0.0171
4.48	0.0325	0.0231	0.0214	0.0203	0.0171
4.5	0.0327	0.0231	0.0214	0.0204	0.0171
4.52	0.0328	0.0232	0.0215	0.0204	0.017
4.54	0.0328	0.0232	0.0216	0.0205	0.017
4.56	0.0327	0.0232	0.0216	0.0206	0.017
4.58	0.0325	0.0232	0.0217	0.0206	0.0169
4.6	0.0322	0.0233	0.0217	0.0207	0.0169
4.62	0.032	0.0233	0.0217	0.0208	0.0169
4.64	0.0324	0.0233	0.0218	0.0208	0.0169
4.66	0.0327	0.0234	0.0218	0.0209	0.0169
4.68	0.0329	0.0234	0.0219	0.0209	0.017
4.7	0.033	0.0235	0.0219	0.021	0.017
4.72	0.0329	0.0235	0.022	0.021	0.0171
4.74	0.0328	0.0235	0.022	0.0211	0.0171
4.76	0.0325	0.0236	0.022	0.0211	0.0172
4.78	0.0321	0.0236	0.0221	0.0211	0.0173
4.8	0.0315	0.0236	0.0221	0.0212	0.0173
4.82	0.0309	0.0236	0.0222	0.0212	0.0174
4.84	0.0302	0.0237	0.0222	0.0213	0.0174
4.86	0.0294	0.0237	0.0222	0.0213	0.0175
4.88	0.0286	0.0237	0.0222	0.0213	0.0175
4.9	0.0285	0.0237	0.0223	0.0214	0.0176
4.92	0.0284	0.0237	0.0223	0.0214	0.0176
4.94	0.0283	0.0237	0.0223	0.0214	0.0177
4.96	0.0282	0.0238	0.0223	0.0214	0.0177
4.98	0.028	0.0238	0.0223	0.0214	0.0177
5	0.0278	0.0238	0.0224	0.0215	0.0178
ESPECTRO_DE_ENERGIA_(RAIZ[2E/M])_(m/s)					
PERIODO	x=0.02	x=0.05	x=0.08	x=0.10	x=0.20
0.02	0.0011	0.0011	0.0011	0.0011	0.0012
0.04	0.0022	0.0023	0.0023	0.0024	0.0027
0.06	0.0034	0.0036	0.0038	0.0039	0.0047
0.08	0.0048	0.0052	0.0056	0.0059	0.0077
0.1	0.0072	0.0078	0.0086	0.0091	0.0115
0.12	0.0119	0.0119	0.0125	0.0131	0.0157
0.14	0.0175	0.0169	0.0178	0.0183	0.0207
0.16	0.0254	0.0223	0.0225	0.0229	0.0256
0.18	0.0188	0.0218	0.0244	0.0258	0.0307
0.2	0.0226	0.0271	0.0304	0.032	0.0371
0.22	0.0427	0.0402	0.0403	0.0409	0.0445
0.24	0.0395	0.0447	0.0475	0.0486	0.0522
0.26	0.0489	0.0555	0.0572	0.058	0.0602
0.28	0.0694	0.0683	0.0679	0.0677	0.0682
0.3	0.0836	0.0775	0.0755	0.0752	0.0759
0.32	0.0664	0.075	0.0789	0.0804	0.0835
0.34	0.082	0.0838	0.087	0.0885	0.0917
0.36	0.0959	0.0976	0.0988	0.0995	0.1005
0.38	0.1082	0.1106	0.1111	0.1111	0.1097
0.4	0.1302	0.1249	0.1238	0.123	0.1187
0.42	0.142	0.1385	0.1363	0.1347	0.1274
0.44	0.1614	0.1535	0.1485	0.1457	0.1355
0.46	0.1666	0.1645	0.1581	0.1545	0.1426
0.48	0.2	0.1723	0.1638	0.1603	0.149
0.5	0.1568	0.165	0.1647	0.1634	0.1547
0.52	0.152	0.1639	0.1673	0.1675	0.1602
0.54	0.1746	0.1743	0.1752	0.1745	0.1656
0.56	0.1833	0.1901	0.1865	0.1835	0.1707
0.58	0.2385	0.2098	0.1973	0.1918	0.1755
0.6	0.2392	0.215	0.2022	0.1966	0.1795
0.62	0.2017	0.2054	0.2015	0.1981	0.1829
0.64	0.1871	0.2004	0.2013	0.1993	0.1857
0.66	0.2072	0.2087	0.2046	0.2016	0.1881
0.68	0.2572	0.2192	0.2079	0.2037	0.1901
0.7	0.2235	0.2144	0.2076	0.204	0.1917
0.72	0.1914	0.2061	0.2056	0.2033	0.193
0.74	0.2161	0.2087	0.2048	0.2025	0.194
0.76	0.2425	0.211	0.2034	0.2011	0.1949
0.78	0.2101	0.2032	0.1995	0.1984	0.1959
0.8	0.1807	0.1905	0.1938	0.195	0.1969
0.82	0.1634	0.1805	0.1885	0.1919	0.1983
0.84	0.1646	0.1742	0.185	0.1901	0.2002
0.86	0.1454	0.1697	0.1838	0.19	0.2026
0.88	0.1399	0.1702	0.1856	0.1921	0.2056
0.9	0.1588	0.1776	0.1903	0.1963	0.2093
0.92	0.1834	0.1883	0.1971	0.2021	0.2136
0.94	0.1989	0.1976	0.2047	0.2091	0.2185
0.96	0.2006	0.2044	0.2127	0.217	0.2239
0.98	0.1941	0.2112	0.2218	0.2259	0.2297
1	0.1929	0.2214	0.2328	0.2362	0.2358
1.02	0.2105	0.2381	0.2462	0.2478	0.242
1.04	0.2594	0.2602	0.2614	0.2605	0.2484
1.06	0.2997	0.2829	0.2771	0.2734	0.2547
1.08	0.3132	0.3031	0.2921	0.286	0.2608
1.1	0.3476	0.3204	0.306	0.2979	0.2665
1.12	0.3552	0.3343	0.3185	0.3088	0.2718
1.14	0.3523	0.3467	0.33	0.3187	0.2765
1.16	0.3703	0.3614	0.3407	0.3274	0.2806
1.18	0.4231	0.378	0.3501	0.3346	0.284
1.2	0.4413	0.3915	0.357	0.3397	0.2866
1.22	0.4695	0.3988	0.3603	0.3422	0.2885
1.24	0.4802	0.3976	0.3592	0.3418	0.2897
1.26	0.4444	0.3855	0.3538	0.3386	0.2903
1.28	0.3801	0.3652	0.3452	0.3334	0.2903
1.3	0.3582	0.3439	0.3351	0.3269	0.2898
1.32	0.3185	0.3262	0.3249	0.3201	0.2889
1.34	0.2925	0.3124	0.3157	0.3134	0.2877
1.36	0.2844	0.3016	0.3079	0.3075	0.2864
1.38	0.2846	0.2927	0.3016	0.3026	0.2848
1.4	0.2583	0.2853	0.2971	0.2989	0.2832
1.42	0.2294	0.2812	0.2948	0.2965	0.2816
1.44	0.2271	0.2833	0.2948	0.2954	0.2798
1.46	0.2537	0.293	0.2969	0.2952	0.2781
1.48	0.3072	0.308	0.3	0.2954	0.2762
1.5	0.3813	0.3231	0.3028	0.2955	0.2742
1.52	0.4271	0.3317	0.3038	0.2946	0.2721
1.54	0.414	0.3301	0.302	0.2925	0.2699
1.56	0.3539	0.3194	0.2975	0.289	0.2676
1.58	0.3046	0.3042	0.2911	0.2844	0.2651
1.6	0.283	0.2892	0.2835	0.2789	0.2624
1.62	0.2781	0.2763	0.2757	0.273	0.2596
1.64	0.2833	0.2651	0.2679	0.267	0.2567
1.66	0.2793	0.255	0.2606	0.261	0.2538
1.68	0.2643	0.2481	0.2539	0.2553	0.2507
1.7	0.2519	0.2415	0.2479	0.2498	0.2476
1.72	0.2449	0.2362	0.2425	0.2447	0.2444
1.74	0.2404	0.2332	0.2376	0.2397	0.2412
1.76	0.2435	0.2309	0.2329	0.2349	0.238
1.78	0.2479	0.2275	0.2281	0.23	0.2348
1.8	0.2451	0.2234	0.223	0.2251	0.2316
1.82	0.2327	0.2173	0.2175	0.2201	0.2284
1.84	0.2129	0.2091	0.2116	0.2149	0.2252
1.86	0.1938	0.1997	0.2055	0.2096	0.222
1.88	0.1814	0.19	0.1992	0.2043	0.2188
1.9	0.171	0.1808	0.1929	0.1991	0.2157
1.92	0.1638	0.1724	0.1869	0.1939	0.2126
1.94	0.1584	0.1647	0.1811	0.1889	0.2096
1.96	0.1522	0.1578	0.1757	0.1841	0.2066
1.98	0.1465	0.1514	0.1706	0.1796	0.2037
2	0.142	0.1473	0.1659	0.1753	0.2009
2.02	0.1386	0.1437	0.1616	0.1713	0.1981
2.04	0.1364	0.1404	0.1577	0.1675	0.1954
2.06	0.1337	0.1374	0.1541	0.164	0.1928
2.08	0.13	0.1344	0.1508	0.1607	0.1903
2.1	0.1252	0.1311	0.1477	0.1576	0.1878
2.12	0.1198	0.1278	0.1448	0.1548	0.1854
2.14	0.115	0.1251	0.1421	0.152	0.1831
2.16	0.1115	0.1228	0.1396	0.1495	0.1808
2.18	0.1084	0.1204	0.1373	0.147	0.1787
2.2	0.1061	0.1181	0.1351	0.1448	0.1765
2.22	0.1045	0.1159	0.133	0.1426	0.1745
2.24	0.1036	0.114	0.1311	0.1407	0.1725
2.26	0.1031	0.1126	0.1294	0.1388	0.1706
2.28	0.1029	0.1117	0.1278	0.137	0.1688
2.3	0.1032	0.1111	0.1264	0.1354	0.167
2.32	0.1044	0.1113	0.1251	0.1338	0.1652
2.34	0.1066	0.1112	0.1239	0.1323	0.1635
2.36	0.1081	0.1108	0.1227	0.1308	0.1619
2.38	0.1085	0.11	0.1214	0.1294	0.1603
2.4	0.1095	0.109	0.1201	0.1279	0.1587
2.42	0.1098	0.1083	0.1187	0.1265	0.1572
2.44	0.1084	0.1072	0.1173	0.125	0.1557
2.46	0.1053	0.1056	0.1157	0.1236	0.1543
2.48	0.1007	0.1036	0.1142	0.1221	0.1529
2.5	0.0949	0.1013	0.1126	0.1206	0.1516
2.52	0.0931	0.0988	0.111	0.1192	0.1502
2.54	0.0934	0.0963	0.1094	0.1177	0.1489
2.56	0.0927	0.0938	0.1078	0.1163	0.1477
2.58	0.091	0.0916	0.1063	0.1149	0.1465
2.6	0.0887	0.0897	0.1049	0.1136	0.1453
2.62	0.086	0.0891	0.1036	0.1124	0.1441
2.64	0.0833	0.0885	0.1024	0.1112	0.143
2.66	0.081	0.0879	0.1012	0.1101	0.1419
2.68	0.0792	0.0874	0.1002	0.1091	0.1408
2.7	0.0783	0.087	0.0992	0.1081	0.1398
2.72	0.0783	0.0869	0.0983	0.1072	0.1388
2.74	0.0791	0.0869	0.0975	0.1063	0.1378
2.76	0.0805	0.0871	0.0967	0.1055	0.1369
2.78	0.0823	0.0874	0.0961	0.1047	0.1359
2.8	0.0841	0.0878	0.0955	0.104	0.135
2.82	0.0858	0.0882	0.095	0.1034	0.1341
2.84	0.0873	0.0885	0.0945	0.1028	0.1333
2.86	0.0883	0.0888	0.0942	0.1022	0.1325
2.88	0.0889	0.089	0.0939	0.1017	0.1317
2.9	0.089	0.0891	0.0936	0.1013	0.1309
2.92	0.0888	0.0891	0.0933	0.1009	0.1301
2.94	0.0883	0.089	0.0931	0.1004	0.1294
2.96	0.0876	0.0889	0.0928	0.1	0.1286
2.98	0.0868	0.0887	0.0926	0.0997	0.1279
3	0.086	0.0885	0.0925	0.0993	0.1272
3.02	0.0854	0.0883	0.0924	0.0989	0.1266
3.04	0.085	0.0881	0.0922	0.0985	0.1259
3.06	0.0847	0.088	0.0921	0.0982	0.1252
3.08	0.0848	0.0878	0.0918	0.0978	0.1246
3.1	0.085	0.0877	0.0916	0.0974	0.124
3.12	0.0853	0.0877	0.0913	0.0971	0.1234
3.14	0.0858	0.0876	0.0909	0.0967	0.1228
3.16	0.0863	0.0875	0.0905	0.0964	0.1222
3.18	0.0866	0.0874	0.09	0.096	0.1217
3.2	0.0869	0.0872	0.0896	0.0957	0.1211
3.22	0.087	0.087	0.0893	0.0953	0.1206
3.24	0.0869	0.0868	0.089	0.0949	0.1201
3.26	0.0866	0.0864	0.0887	0.0946	0.1195
3.28	0.0861	0.0861	0.0883	0.0942	0.119
3.3	0.0853	0.0856	0.0879	0.0938	0.1185
3.32	0.0844	0.0851	0.0876	0.0934	0.118
3.34	0.0833	0.0845	0.0872	0.093	0.1175
3.36	0.0821	0.084	0.0868	0.0926	0.1171
3.38	0.0809	0.0834	0.0864	0.0923	0.1166
3.4	0.0797	0.0827	0.086	0.0919	0.1161
3.42	0.0785	0.0821	0.0856	0.0915	0.1157
3.44	0.0774	0.0815	0.0853	0.0911	0.1152
3.46	0.077	0.081	0.0849	0.0908	0.1148
3.48	0.0767	0.0804	0.0846	0.0904	0.1143
3.5	0.0763	0.0799	0.0843	0.0901	0.1139
3.52	0.0761	0.0795	0.0839	0.0897	0.1135
3.54	0.0759	0.0794	0.0836	0.0894	0.1131
3.56	0.0759	0.0794	0.0833	0.089	0.1127
3.58	0.0759	0.0793	0.0829	0.0887	0.1122
3.6	0.0761	0.0792	0.0826	0.0883	0.1119
3.62	0.0763	0.0791	0.0822	0.088	0.1115
3.64	0.0766	0.0793	0.0823	0.0876	0.1111
3.66	0.0768	0.0798	0.0825	0.0873	0.1107
3.68	0.0776	0.0802	0.0827	0.087	0.1103
3.7	0.0786	0.0807	0.083	0.0866	0.11
3.72	0.0797	0.0812	0.0832	0.0863	0.1096
3.74	0.0807	0.0816	0.0834	0.086	0.1093
3.76	0.0817	0.082	0.0835	0.0857	0.1089
3.78	0.0826	0.0824	0.0837	0.0855	0.1086
3.8	0.0835	0.0828	0.0838	0.0852	0.1082
3.82	0.0842	0.0831	0.0839	0.0851	0.1079
3.84	0.0847	0.0833	0.084	0.0851	0.1076
3.86	0.0851	0.0835	0.0841	0.0851	0.1073
3.88	0.0854	0.0836	0.0841	0.0851	0.107
3.9	0.0856	0.0836	0.0841	0.085	0.1067
3.92	0.0855	0.0836	0.084	0.085	0.1064
3.94	0.0854	0.0836	0.084	0.0849	0.1061
3.96	0.0851	0.0834	0.0838	0.0848	0.1058
3.98	0.0847	0.0832	0.0837	0.0846	0.1055
4	0.0842	0.083	0.0835	0.0845	0.1052
4.02	0.0836	0.0827	0.0833	0.0846	0.1049
4.04	0.0829	0.0823	0.0831	0.0846	0.1047
4.06	0.0821	0.0819	0.0829	0.0847	0.1044
4.08	0.0813	0.0815	0.0826	0.0847	0.1041
4.1	0.0804	0.081	0.0823	0.0848	0.1039
4.12	0.0795	0.0806	0.082	0.0848	0.1036
4.14	0.0787	0.0801	0.0817	0.0848	0.1034
4.16	0.0799	0.0796	0.0817	0.0848	0.1031
4.18	0.0813	0.0791	0.0819	0.0848	0.1029
4.2	0.0824	0.0794	0.0819	0.0848	0.1026
4.22	0.0832	0.0797	0.082	0.0847	0.1024
4.24	0.0835	0.0799	0.0819	0.0846	0.1021
4.26	0.0836	0.0799	0.0819	0.0845	0.1019
4.28	0.0833	0.0798	0.0817	0.0843	0.1016
4.3	0.0827	0.0796	0.0816	0.0842	0.1014
4.32	0.0824	0.0792	0.0813	0.0841	0.1011
4.34	0.0826	0.079	0.0812	0.084	0.1009
4.36	0.0825	0.0789	0.0811	0.0838	0.1006
4.38	0.0821	0.0787	0.0809	0.0836	0.1004
4.4	0.0814	0.0784	0.0807	0.0835	0.1001
4.42	0.0808	0.0779	0.0805	0.0833	0.0999
4.44	0.0804	0.0777	0.0803	0.0832	0.0996
4.46	0.0798	0.0774	0.0801	0.0829	0.0994
4.48	0.079	0.0769	0.0798	0.0827	0.0991
4.5	0.0778	0.0764	0.0795	0.0825	0.0989
4.52	0.0763	0.0758	0.0792	0.0822	0.0986
4.54	0.0745	0.0751	0.0788	0.0819	0.0984
4.56	0.0725	0.0743	0.0784	0.0816	0.0981
4.58	0.0703	0.0735	0.078	0.0813	0.0979
4.6	0.0679	0.0726	0.0775	0.081	0.0976
4.62	0.0668	0.0717	0.0771	0.0806	0.0974
4.64	0.0661	0.0707	0.0766	0.0803	0.0971
4.66	0.0656	0.0698	0.0762	0.0799	0.0968
4.68	0.0654	0.0689	0.0757	0.0796	0.0966
4.7	0.0652	0.0686	0.0752	0.0792	0.0963
4.72	0.065	0.0683	0.0748	0.0788	0.0961
4.74	0.0648	0.0681	0.0744	0.0785	0.0958
4.76	0.0646	0.0679	0.0739	0.0782	0.0955
4.78	0.0643	0.0677	0.0735	0.0778	0.0953
4.8	0.064	0.0674	0.0731	0.0775	0.095
4.82	0.0637	0.0672	0.0728	0.0772	0.0948
4.84	0.0638	0.0669	0.0724	0.0768	0.0945
4.86	0.0639	0.0667	0.0721	0.0765	0.0942
4.88	0.0639	0.0667	0.0718	0.0762	0.094
4.9	0.0639	0.0666	0.0715	0.0759	0.0937
4.92	0.0639	0.0666	0.0712	0.0756	0.0935
4.94	0.0638	0.0665	0.071	0.0753	0.0932
4.96	0.0637	0.0664	0.0707	0.0751	0.0929
4.98	0.0636	0.0663	0.0705	0.0748	0.0927
5	0.0634	0.0661	0.0702	0.0745	0.0924
ESPECTRO DE FOURIER					
PERIODO	FRECUENCIA	FRECUENCIA	ESPECTRO		
(s)	(rad/s)	(Hz)	(ampl/s)		
9.6376	0.65193	0.10376	0.35924		
9.1022	0.69028	0.10986	0.35021		
8.6232	0.72863	0.11597	0.36913		
8.192	0.76698	0.12207	0.21978		
7.8019	0.80533	0.12817	0.20796		
7.4473	0.84368	0.13428	0.38487
7.1235	0.88203	0.14038	0.88984
6.8267	0.92038	0.14648	1.17737
6.5536	0.95873	0.15259	1.15005
6.3015	0.99708	0.15869	1.17272
6.0681	1.03543	0.16479	1.22986
5.8514	1.07378	0.1709	0.96865
5.6497	1.11212	0.177	0.38381
5.4613	1.15047	0.18311	1.15772
5.2852	1.18882	0.18921	2.30648
5.12	1.22717	0.19531	2.80066
4.9648	1.26552	0.20142	2.23079
4.8188	1.30387	0.20752	0.86977
4.6811	1.34222	0.21362	1.76936
4.5511	1.38057	0.21973	3.50033
4.4281	1.41892	0.22583	4.37165
4.3116	1.45727	0.23193	4.21101
4.201	1.49562	0.23804	3.31337
4.096	1.53396	0.24414	2.4634
3.9961	1.57231	0.25024	2.11566
3.901	1.61066	0.25635	1.12153
3.8102	1.64901	0.26245	0.92688
3.7236	1.68736	0.26855	2.65312
3.6409	1.72571	0.27466	3.17725
3.5617	1.76406	0.28076	2.69184
3.486	1.80241	0.28687	2.05014
3.4133	1.84076	0.29297	1.99749
3.3437	1.87911	0.29907	2.69491
3.2768	1.91746	0.30518	3.25771
3.2125	1.9558	0.31128	3.27687
3.1508	1.99415	0.31738	2.85235
3.0913	2.0325	0.32349	2.40895
3.0341	2.07085	0.32959	2.52187
2.9789	2.1092	0.33569	3.10561
2.9257	2.14755	0.3418	3.16181
2.8744	2.1859	0.3479	1.91699
2.8248	2.22425	0.354	0.27793
2.7769	2.2626	0.36011	1.1348
2.7307	2.30095	0.36621	0.53493
2.6859	2.3393	0.37231	1.33683
2.6426	2.37765	0.37842	1.93932
2.6006	2.41599	0.38452	1.11244
2.56	2.45434	0.39062	1.99011
2.5206	2.49269	0.39673	3.12256
2.4824	2.53104	0.40283	3.21733
2.4454	2.56939	0.40894	4.02775
2.4094	2.60774	0.41504	5.341
2.3745	2.64609	0.42114	5.53754
2.3406	2.68444	0.42725	4.50248
2.3076	2.72279	0.43335	2.94389
2.2756	2.76114	0.43945	1.68703
2.2444	2.79949	0.44556	1.7254
2.2141	2.83783	0.45166	2.38743
2.1845	2.87618	0.45776	3.15173
2.1558	2.91453	0.46387	4.23582
2.1278	2.95288	0.46997	5.24299
2.1005	2.99123	0.47607	5.01702
2.0739	3.02958	0.48218	2.81367
2.048	3.06793	0.48828	0.8514
2.0227	3.10628	0.49438	3.59971
1.998	3.14463	0.50049	4.74929
1.974	3.18298	0.50659	4.55377
1.9505	3.22133	0.5127	3.7967
1.9275	3.25967	0.5188	4.13764
1.9051	3.29802	0.5249	5.83134
1.8832	3.33637	0.53101	6.5329
1.8618	3.37472	0.53711	7.10848
1.8409	3.41307	0.54321	9.46965
1.8204	3.45142	0.54932	12.2358
1.8004	3.48977	0.55542	14.11936
1.7809	3.52812	0.56152	14.36607
1.7617	3.56647	0.56763	13.10409
1.743	3.60482	0.57373	11.30281
1.7246	3.64317	0.57983	8.78591
1.7067	3.68151	0.58594	5.86525
1.6891	3.71986	0.59204	4.19451
1.6718	3.75821	0.59814	7.59749
1.6549	3.79656	0.60425	13.43999
1.6384	3.83491	0.61035	15.67721
1.6222	3.87326	0.61646	13.10916
1.6063	3.91161	0.62256	9.85571
1.5907	3.94996	0.62866	7.78234
1.5754	3.98831	0.63477	6.31512
1.5604	4.02666	0.64087	13.09718
1.5457	4.06501	0.64697	24.13156
1.5312	4.10336	0.65308	31.93787
1.517	4.1417	0.65918	31.45785
1.5031	4.18005	0.66528	23.10595
1.4895	4.2184	0.67139	12.6511
1.476	4.25675	0.67749	5.52153
1.4629	4.2951	0.68359	2.89204
1.4499	4.33345	0.6897	4.00501
1.4372	4.3718	0.6958	4.0249
1.4247	4.41015	0.7019	1.93139
1.4124	4.4485	0.70801	2.65993
1.4003	4.48685	0.71411	9.88243
1.3885	4.5252	0.72021	16.98902
1.3768	4.56354	0.72632	18.95836
1.3653	4.60189	0.73242	14.03857
1.354	4.64024	0.73853	6.64383
1.343	4.67859	0.74463	9.28284
1.332	4.71694	0.75073	16.41235
1.3213	4.75529	0.75684	18.40052
1.3107	4.79364	0.76294	12.27153
1.3003	4.83199	0.76904	6.5316
1.2901	4.87034	0.77515	12.75715
1.28	4.90869	0.78125	15.84931
1.2701	4.94704	0.78735	18.75751
1.2603	4.98538	0.79346	24.77991
1.2507	5.02373	0.79956	30.1088
1.2412	5.06208	0.80566	32.40421
1.2319	5.10043	0.81177	30.74374
1.2227	5.13878	0.81787	24.60406
1.2136	5.17713	0.82397	17.43306
1.2047	5.21548	0.83008	19.71141
1.1959	5.25383	0.83618	26.96672
1.1872	5.29218	0.84229	29.01832
1.1787	5.33053	0.84839	24.90988
1.1703	5.36888	0.85449	18.95156
1.162	5.40722	0.8606	13.77169
1.1538	5.44557	0.8667	5.46174
1.1457	5.48392	0.8728	8.96581
1.1378	5.52227	0.87891	20.58665
1.1299	5.56062	0.88501	23.77209
1.1222	5.59897	0.89111	18.10864
1.1146	5.63732	0.89722	13.6629
1.107	5.67567	0.90332	19.40303
1.0996	5.71402	0.90942	24.05075
1.0923	5.75237	0.91553	21.4599
1.085	5.79072	0.92163	11.96615
1.0779	5.82907	0.92773	2.32508
1.0708	5.86741	0.93384	12.82416
1.0639	5.90576	0.93994	19.49976
1.057	5.94411	0.94604	20.28512
1.0503	5.98246	0.95215	16.57987
1.0436	6.02081	0.95825	11.45678
1.037	6.05916	0.96436	8.48858
1.0304	6.09751	0.97046	8.68605
1.024	6.13586	0.97656	8.57548
1.0176	6.17421	0.98267	6.26902
1.0114	6.21256	0.98877	4.1613
1.0052	6.25091	0.99487	5.48211
0.999	6.28925	1.00098	6.6545
0.993	6.3276	1.00708	7.59662
0.987	6.36595	1.01318	8.87093
0.9811	6.4043	1.01929	9.61841
0.9752	6.44265	1.02539	9.44344
0.9695	6.481	1.03149	8.49301
0.9638	6.51935	1.0376	9.0647
0.9581	6.5577	1.0437	10.58412
0.9526	6.59605	1.0498	9.89486
0.9471	6.6344	1.05591	8.02538
0.9416	6.67275	1.06201	8.47873
0.9362	6.71109	1.06812	11.81609
0.9309	6.74944	1.07422	14.31265
0.9256	6.78779	1.08032	12.05429
0.9204	6.82614	1.08643	5.71486
0.9153	6.86449	1.09253	5.29984
0.9102	6.90284	1.09863	8.65064
0.9052	6.94119	1.10474	8.51697
0.9002	6.97954	1.11084	6.71149
0.8953	7.01789	1.11694	5.23197
0.8904	7.05624	1.12305	4.15603
0.8856	7.09459	1.12915	3.10977
0.8809	7.13294	1.13525	3.22518
0.8761	7.17128	1.14136	4.0084
0.8715	7.20963	1.14746	3.92591
0.8669	7.24798	1.15356	2.83924
0.8623	7.28633	1.15967	1.77152
0.8578	7.32468	1.16577	3.68297
0.8533	7.36303	1.17188	6.70865
0.8489	7.40138	1.17798	8.61177
0.8445	7.43973	1.18408	8.79271
0.8402	7.47808	1.19019	9.02948
0.8359	7.51643	1.19629	9.66151
0.8317	7.55478	1.20239	8.83371
0.8275	7.59312	1.2085	7.31755
0.8233	7.63147	1.2146	6.517
0.8192	7.66982	1.2207	5.45777
0.8151	7.70817	1.22681	4.73417
0.8111	7.74652	1.23291	5.73032
0.8071	7.78487	1.23901	7.18574
0.8031	7.82322	1.24512	8.05475
0.7992	7.86157	1.25122	8.14632
0.7953	7.89992	1.25732	8.07348
0.7915	7.93827	1.26343	9.27299
0.7877	7.97662	1.26953	11.07695
0.7839	8.01496	1.27563	11.07308
0.7802	8.05331	1.28174	9.04694
0.7765	8.09166	1.28784	7.47574
0.7728	8.13001	1.29395	8.97203
0.7692	8.16836	1.30005	13.18906
0.7656	8.20671	1.30615	17.22712
0.762	8.24506	1.31226	18.25737
0.7585	8.28341	1.31836	15.75768
0.755	8.32176	1.32446	11.85333
0.7516	8.36011	1.33057	9.47472
0.7481	8.39846	1.33667	9.26673
0.7447	8.4368	1.34277	10.10508
0.7414	8.47515	1.34888	11.8365
0.738	8.5135	1.35498	13.77761
0.7347	8.55185	1.36108	13.88547
0.7314	8.5902	1.36719	10.60356
0.7282	8.62855	1.37329	4.78057
0.725	8.6669	1.37939	1.77011
0.7218	8.70525	1.3855	3.19685
0.7186	8.7436	1.3916	1.49409
0.7155	8.78195	1.39771	2.82748
0.7123	8.8203	1.40381	4.5369
0.7093	8.85865	1.40991	4.83496
0.7062	8.89699	1.41602	6.2067
0.7032	8.93534	1.42212	9.51865
0.7002	8.97369	1.42822	12.95735
0.6972	9.01204	1.43433	13.81313
0.6942	9.05039	1.44043	11.75524
0.6913	9.08874	1.44653	10.79554
0.6884	9.12709	1.45264	14.40576
0.6855	9.16544	1.45874	19.53793
0.6827	9.20379	1.46484	22.02271
0.6798	9.24214	1.47095	19.94755
0.677	9.28049	1.47705	15.25022
0.6742	9.31883	1.48315	11.02903
0.6715	9.35718	1.48926	7.57777
0.6687	9.39553	1.49536	5.30264
0.666	9.43388	1.50146	5.45302
0.6633	9.47223	1.50757	8.04925
0.6606	9.51058	1.51367	11.3231
0.658	9.54893	1.51978	11.27043
0.6554	9.58728	1.52588	6.97256
0.6527	9.62563	1.53198	6.37532
0.6502	9.66398	1.53809	11.26097
0.6476	9.70233	1.54419	13.14409
0.645	9.74067	1.55029	11.81011
0.6425	9.77902	1.5564	8.75593
0.64	9.81737	1.5625	4.19671
0.6375	9.85572	1.5686	1.20695
0.635	9.89407	1.57471	5.20171
0.6326	9.93242	1.58081	6.03382
0.6302	9.97077	1.58691	4.91795
0.6277	10.00912	1.59302	5.39469
0.6253	10.04747	1.59912	6.16085
0.623	10.08582	1.60522	6.53691
0.6206	10.12417	1.61133	9.64446
0.6183	10.16252	1.61743	11.90398
0.6159	10.20086	1.62354	8.59752
0.6136	10.23921	1.62964	4.10919
0.6113	10.27756	1.63574	12.55771
0.6091	10.31591	1.64185	17.95021
0.6068	10.35426	1.64795	17.52625
0.6046	10.39261	1.65405	14.51531
0.6024	10.43096	1.66016	11.53576
0.6001	10.46931	1.66626	9.45231
0.598	10.50766	1.67236	9.98568
0.5958	10.54601	1.67847	12.52941
0.5936	10.58436	1.68457	15.36173
0.5915	10.6227	1.69067	16.01345
0.5894	10.66105	1.69678	14.13451
0.5872	10.6994	1.70288	12.29035
0.5851	10.73775	1.70898	12.09059
0.5831	10.7761	1.71509	14.54628
0.581	10.81445	1.72119	16.4424
0.5789	10.8528	1.72729	15.06524
0.5769	10.89115	1.7334	14.26191
0.5749	10.9295	1.7395	14.52248
0.5729	10.96785	1.74561	12.7741
0.5709	11.0062	1.75171	10.93478
0.5689	11.04454	1.75781	7.63567
0.5669	11.08289	1.76392	1.00681
0.565	11.12124	1.77002	5.62393
0.563	11.15959	1.77612	6.17091
0.5611	11.19794	1.78223	2.04051
0.5592	11.23629	1.78833	7.9494
0.5573	11.27464	1.79443	12.1367
0.5554	11.31299	1.80054	11.07158
0.5535	11.35134	1.80664	6.36154
0.5516	11.38969	1.81274	1.51292
0.5498	11.42804	1.81885	5.08881
0.548	11.46638	1.82495	8.12845
0.5461	11.50473	1.83105	9.3181
0.5443	11.54308	1.83716	11.77738
0.5425	11.58143	1.84326	13.79319
0.5407	11.61978	1.84937	11.6906
0.5389	11.65813	1.85547	7.48523
0.5372	11.69648	1.86157	5.00277
0.5354	11.73483	1.86768	4.5652
0.5337	11.77318	1.87378	6.72723
0.5319	11.81153	1.87988	8.01602
0.5302	11.84988	1.88599	9.27223
0.5285	11.88823	1.89209	9.84487
0.5268	11.92657	1.89819	6.81458
0.5251	11.96492	1.9043	4.17104
0.5235	12.00327	1.9104	5.23237
0.5218	12.04162	1.9165	4.98988
0.5201	12.07997	1.92261	6.05052
0.5185	12.11832	1.92871	6.92424
0.5168	12.15667	1.93481	7.55536
0.5152	12.19502	1.94092	8.58296
0.5136	12.23337	1.94702	8.30549
0.512	12.27172	1.95312	7.69954
0.5104	12.31007	1.95923	6.86238
0.5088	12.34841	1.96533	5.42345
0.5072	12.38676	1.97144	5.59316
0.5057	12.42511	1.97754	5.37947
0.4777	13.15375	2.09351	17.80186
0.4708	13.34549	2.12402	1.41326
0.4267	14.72606	2.34375	0.19204
0.419	14.9945	2.38647	13.28914
0.3873	16.22167	2.58179	0.37493
0.3715	16.91196	2.69165	10.79404
0.3457	18.17748	2.89307	6.87281
0.3163	19.86484	3.16162	0.18816
0.2947	21.32211	3.39355	7.56556
0.258	24.35169	3.87573	0.13509
0.2374	26.46089	4.21143	0.19336
0.2179	28.83853	4.58984	4.34528
0.1912	32.86519	5.23071	0.10201
0.158	39.76803	6.32935	2.12889
0.1365	46.01894	7.32422	1.97191
0.1058	59.36443	9.44824	0.02131
0.0935	67.18765	10.69336	0.76554
0.0617	101.8169	16.20483	0.00062
