PEER STRONG MOTION DATABASE RECORD. PROCESSING BY PACIFIC ENGINEERING.
KOBE 01/16/95 2046, TAKARAZU,  UP (CUE)
ACCELERATION TIME HISTORY IN UNITS OF G. FILTER POINTS: HP=unknown LP=40.0 Hz
NPTS=  4096, DT= .01000 SEC
   .2649752E-03   .2612585E-03   .2642400E-03   .2614320E-03   .2659247E-03
   .2641431E-03   .2687559E-03   .2670237E-03   .2711613E-03   .2688949E-03
   .2788574E-03   .2856412E-03   .2930887E-03   .2867959E-03   .2809665E-03
   .2626008E-03   .2442664E-03   .2267558E-03   .2522449E-03   .3154214E-03
   .4123624E-03   .5044768E-03   .5869171E-03   .5978006E-03   .5473460E-03
   .4435430E-03   .3075990E-03   .2021400E-03   .1818233E-03   .2030292E-03
   .1859164E-03   .6889956E-04  -.5410988E-04  -.1625553E-03  -.2554357E-03
  -.2917766E-03  -.2083028E-03  -.1114760E-03  -.3658465E-04  -.8655448E-04
  -.1070154E-03   .1450402E-03   .4812936E-03   .6209972E-03   .4128463E-03
  -.1830991E-03  -.8606062E-03  -.1223410E-02  -.1182920E-02  -.8903051E-03
  -.2717693E-03   .7057309E-03   .1603354E-02   .1878436E-02   .1420782E-02
   .4967974E-03  -.4068385E-03  -.1242548E-02  -.2023259E-02  -.2446194E-02
  -.2290514E-02  -.1631337E-02  -.7394872E-03  -.1246301E-03  -.4884292E-03
  -.1890838E-02  -.3356800E-02  -.3907085E-02  -.3266667E-02  -.1748272E-02
   .3420186E-03   .2595790E-02   .3897154E-02   .3459576E-02   .1979110E-02
   .5367488E-03  -.4520917E-03  -.9114764E-03  -.2647449E-03   .1554683E-02
   .3592573E-02   .4833012E-02   .5263399E-02   .5382873E-02   .5429646E-02
   .5462152E-02   .5478153E-02   .4886773E-02   .3379765E-02   .1398205E-02
  -.3692717E-03  -.2126888E-02  -.4427106E-02  -.6789621E-02  -.7913080E-02
  -.6989111E-02  -.4582778E-02  -.2370334E-02  -.1230256E-02  -.1329656E-02
  -.2458040E-02  -.4097379E-02  -.6023139E-02  -.8138406E-02  -.1028575E-01
  -.1166765E-01  -.1196160E-01  -.1139311E-01  -.9709769E-02  -.6624213E-02
  -.2438322E-02   .1867535E-02   .5146481E-02   .7179935E-02   .8884917E-02
   .1079883E-01   .1229356E-01   .1296039E-01   .1339221E-01   .1391837E-01
   .1385215E-01   .1279570E-01   .1071822E-01   .7989762E-02   .6080781E-02
   .5520003E-02   .5510542E-02   .5193451E-02   .4245179E-02   .2660872E-02
   .1681655E-02   .1955182E-02   .2980877E-02   .3861537E-02   .4189702E-02
   .4023909E-02   .3440065E-02   .2314394E-02  -.6449630E-04  -.3921094E-02
  -.8699714E-02  -.1312014E-01  -.1556234E-01  -.1578321E-01  -.1447780E-01
  -.1258311E-01  -.9159563E-02  -.2680591E-02   .5219822E-02   .1162277E-01
   .1508140E-01   .1545341E-01   .1391033E-01   .1094072E-01   .6916649E-02
   .2242296E-02  -.2358254E-02  -.5164521E-02  -.5523457E-02  -.4518066E-02
  -.2795834E-02  -.5569103E-03   .1545148E-02   .3245501E-02   .4717020E-02
   .5735582E-02   .6303104E-02   .6149828E-02   .4807028E-02   .2433901E-02
  -.1012441E-02  -.5578551E-02  -.1086340E-01  -.1534696E-01  -.1802745E-01
  -.1906637E-01  -.1802103E-01  -.1546406E-01  -.1248981E-01  -.9658091E-02
  -.7085595E-02  -.3994368E-02   .1800373E-03   .5841502E-02   .1163256E-01
   .1452448E-01   .1266356E-01   .5867888E-02  -.3329735E-02  -.1212942E-01
  -.1932358E-01  -.2446665E-01  -.2703737E-01  -.2620943E-01  -.2133472E-01
  -.1323636E-01  -.5168741E-02   .9253804E-03   .4728156E-02   .6924073E-02
   .8823350E-02   .1018323E-01   .9905478E-02   .8722398E-02   .8445558E-02
   .8113408E-02   .6563720E-02   .4188875E-02   .1063730E-02  -.2622096E-02
  -.4684889E-02  -.3225564E-02   .1228833E-02   .5791622E-02   .7514192E-02
   .6491261E-02   .4444491E-02   .1549625E-02  -.1924480E-02  -.3991795E-02
  -.3786360E-02  -.2086604E-02   .2322418E-02   .9495962E-02   .1665624E-01
   .2062453E-01   .1990364E-01   .1577006E-01   .1077864E-01   .7158848E-02
   .6055115E-02   .7300642E-02   .9784548E-02   .1307018E-01   .1604107E-01
   .1617257E-01   .1251189E-01   .6598031E-02   .7806239E-03  -.4002463E-02
  -.8437988E-02  -.1318225E-01  -.1811150E-01  -.2181321E-01  -.2371863E-01
  -.2429091E-01  -.2320841E-01  -.2076207E-01  -.1762349E-01  -.1359695E-01
  -.8443165E-02  -.2240838E-02   .4635289E-02   .1127098E-01   .1562324E-01
   .1596364E-01   .1237328E-01   .5676252E-02  -.2861885E-02  -.1154967E-01
  -.1789067E-01  -.1965051E-01  -.1719945E-01  -.1261971E-01  -.8004793E-02
  -.5744567E-02  -.8055591E-02  -.1451179E-01  -.2193196E-01  -.2796547E-01
  -.3413516E-01  -.4091048E-01  -.4533937E-01  -.4716169E-01  -.4630493E-01
  -.3931619E-01  -.2441966E-01  -.4526778E-02   .1583376E-01   .3128488E-01
   .3913213E-01   .4253701E-01   .4379904E-01   .4103423E-01   .3403758E-01
   .2519855E-01   .1681671E-01   .1101501E-01   .1083244E-01   .1697425E-01
   .2729074E-01   .3610409E-01   .3874231E-01   .3280119E-01   .1774977E-01
  -.1392644E-02  -.1756016E-01  -.2857727E-01  -.3573991E-01  -.3927612E-01
  -.4022625E-01  -.4038718E-01  -.3888082E-01  -.3659173E-01  -.3590556E-01
  -.3409325E-01  -.2685130E-01  -.1767896E-01  -.1276506E-01  -.1134786E-01
  -.1030594E-01  -.7892410E-02  -.1522300E-02   .9590627E-02   .1988201E-01
   .2212062E-01   .1821287E-01   .1533431E-01   .1539071E-01   .1616860E-01
   .1652604E-01   .1488031E-01   .1004389E-01   .4855178E-02   .2218254E-02
   .2147531E-02   .4451113E-02   .9464586E-02   .1687387E-01   .2506308E-01
   .3025410E-01   .2967423E-01   .2318743E-01   .1261888E-01   .1710949E-02
  -.4346654E-02  -.1210068E-02   .1034568E-01   .2484271E-01   .3747954E-01
   .4671975E-01   .5290524E-01   .5724811E-01   .5950561E-01   .5784700E-01
   .5162982E-01   .4198451E-01   .2941003E-01   .1371981E-01  -.2080736E-02
  -.1252539E-01  -.1579088E-01  -.1294418E-01  -.6033093E-02   .3073828E-02
   .1271310E-01   .2126548E-01   .2706653E-01   .2877247E-01   .2594637E-01
   .1956680E-01   .1116099E-01   .3212769E-02  -.1697097E-02  -.2254217E-02
   .1802801E-03   .1644545E-02  -.4846411E-03  -.6150872E-02  -.1332031E-01
  -.1958442E-01  -.2341566E-01  -.2484287E-01  -.2363542E-01  -.1927290E-01
  -.1299850E-01  -.5517828E-02   .2980840E-02   .1192339E-01   .2118782E-01
   .3163366E-01   .4263537E-01   .5140941E-01   .5598135E-01   .5573657E-01
   .5120850E-01   .4449883E-01   .3688110E-01   .2768670E-01   .1686032E-01
   .6566732E-02  -.1719810E-02  -.7517599E-02  -.1022173E-01  -.9773509E-02
  -.7855060E-02  -.4639556E-02  -.6028063E-03   .2840687E-02   .3974775E-02
   .2231822E-02  -.1833037E-02  -.1017204E-01  -.2552842E-01  -.4771295E-01
  -.7227009E-01  -.9312641E-01  -.1053780E+00  -.1085418E+00  -.1030853E+00
  -.8935448E-01  -.7249915E-01  -.5430819E-01  -.2993089E-01   .1439553E-02
   .3542318E-01   .6598564E-01   .8953091E-01   .1075802E+00   .1217884E+00
   .1302837E+00   .1298091E+00   .1207398E+00   .1062754E+00   .9076004E-01
   .7660886E-01   .6280221E-01   .4780379E-01   .3180928E-01   .1617285E-01
   .2012454E-02  -.1097429E-01  -.2347250E-01  -.3612835E-01  -.4870869E-01
  -.5898488E-01  -.6482443E-01  -.6321190E-01  -.5179941E-01  -.3142027E-01
  -.6322807E-02   .1591689E-01   .2838885E-01   .2816311E-01   .1796606E-01
   .4425101E-02  -.6482391E-02  -.1187748E-01  -.9410943E-02   .8986030E-03
   .1580939E-01   .2933750E-01   .3479424E-01   .2754604E-01   .3915056E-02
  -.3396800E-01  -.7902886E-01  -.1246866E+00  -.1683959E+00  -.2064079E+00
  -.2367147E+00  -.2603167E+00  -.2756351E+00  -.2788031E+00  -.2678518E+00
  -.2484197E+00  -.2315293E+00  -.2259540E+00  -.2315287E+00  -.2413196E+00
  -.2441150E+00  -.2331516E+00  -.2103879E+00  -.1788694E+00  -.1399973E+00
  -.9530730E-01  -.4979322E-01  -.1073089E-01   .1832672E-01   .4161611E-01
   .6970761E-01   .1122518E+00   .1690381E+00   .2307725E+00   .2890637E+00
   .3394444E+00   .3790587E+00   .4036324E+00   .4091784E+00   .3954150E+00
   .3620574E+00   .3098857E+00   .2478640E+00   .1883800E+00   .1372161E+00
   .9695860E-01   .6951907E-01   .4898809E-01   .2928961E-01   .9190600E-02
  -.1016364E-01  -.2791140E-01  -.4303355E-01  -.5418379E-01  -.5945350E-01
  -.5864509E-01  -.5454420E-01  -.5209568E-01  -.5209571E-01  -.5284735E-01
  -.5267264E-01  -.4984265E-01  -.4456589E-01  -.3872179E-01  -.3226580E-01
  -.2335560E-01  -.1224764E-01  -.4029529E-03   .1107535E-01   .2135734E-01
   .2992293E-01   .3804210E-01   .4748125E-01   .5862359E-01   .7596640E-01
   .1062013E+00   .1522099E+00   .2078897E+00   .2603729E+00   .2964544E+00
   .3106836E+00   .3052213E+00   .2871909E+00   .2645881E+00   .2398307E+00
   .2072453E+00   .1595091E+00   .9837536E-01   .3521204E-01  -.1897266E-01
  -.5992998E-01  -.9024884E-01  -.1076443E+00  -.1080666E+00  -.9206664E-01
  -.6296431E-01  -.3351719E-01  -.2248903E-01  -.3992121E-01  -.8388687E-01
  -.1428204E+00  -.1995472E+00  -.2380523E+00  -.2487784E+00  -.2318443E+00
  -.1984719E+00  -.1618780E+00  -.1371615E+00  -.1410292E+00  -.1764244E+00
  -.2247597E+00  -.2562438E+00  -.2456621E+00  -.1895170E+00  -.1135462E+00
  -.5282416E-01  -.2117024E-01  -.6760625E-02   .1289304E-01   .5663127E-01
   .1270605E+00   .1979215E+00   .2364468E+00   .2322599E+00   .1956496E+00
   .1448728E+00   .9481109E-01   .5453281E-01   .2965376E-01   .1761133E-01
   .1102783E-01   .3874647E-02  -.1099732E-01  -.3561630E-01  -.6226183E-01
  -.8352803E-01  -.9855697E-01  -.1131501E+00  -.1298583E+00  -.1479499E+00
  -.1644625E+00  -.1673008E+00  -.1485070E+00  -.1129055E+00  -.7740743E-01
  -.6086033E-01  -.6372526E-01  -.6921951E-01  -.6731056E-01  -.6824081E-01
  -.8716443E-01  -.1312307E+00  -.1983653E+00  -.2739289E+00  -.3354035E+00
  -.3689962E+00  -.3660542E+00  -.3239266E+00  -.2477154E+00  -.1432218E+00
  -.1814535E-01   .1076507E+00   .2014322E+00   .2368405E+00   .2117525E+00
   .1433132E+00   .5721494E-01  -.2225806E-01  -.7811641E-01  -.1052892E+00
  -.1003981E+00  -.5682543E-01   .3854191E-01   .1932962E+00   .3589795E+00
   .4333452E+00   .3747318E+00   .2375137E+00   .9499361E-01   .2995043E-02
  -.2470353E-01  -.5184804E-02   .3695391E-01   .7863469E-01   .9898338E-01
   .9169364E-01   .6974265E-01   .5583338E-01   .6397144E-01   .8690365E-01
   .1051883E+00   .1011660E+00   .6437690E-01   .3238249E-02  -.6512815E-01
  -.1297018E+00  -.1838128E+00  -.2227759E+00  -.2447994E+00  -.2465298E+00
  -.2293452E+00  -.2036861E+00  -.1782461E+00  -.1554409E+00  -.1311298E+00
  -.9451789E-01  -.4193553E-01   .1157179E-01   .4003476E-01   .2634114E-01
  -.2359603E-01  -.8046797E-01  -.1114446E+00  -.9745852E-01  -.4735421E-01
   .8908774E-02   .4506404E-01   .5743900E-01   .5991887E-01   .6397323E-01
   .7058311E-01   .7695931E-01   .8265063E-01   .9124969E-01   .1007254E+00
   .1078986E+00   .1090058E+00   .1000344E+00   .8364970E-01   .6406382E-01
   .4154720E-01   .1857265E-01  -.3573954E-03  -.1542139E-01  -.2592002E-01
  -.2915115E-01  -.2635848E-01  -.2047744E-01  -.1466499E-01  -.1191362E-01
  -.1278467E-01  -.1432831E-01  -.1616054E-01  -.1782499E-01  -.1713107E-01
  -.1369099E-01  -.8625601E-02  -.3253166E-02   .1750968E-02   .5942897E-02
   .9056896E-02   .1107250E-01   .1216846E-01   .1490278E-01   .2118871E-01
   .3020499E-01   .3924669E-01   .4649881E-01   .5363910E-01   .6170262E-01
   .6911280E-01   .7446241E-01   .7745856E-01   .7859372E-01   .7711128E-01
   .7215882E-01   .6509951E-01   .5639889E-01   .4525185E-01   .3338620E-01
   .2298057E-01   .1442065E-01   .7847625E-02   .4172797E-02   .4095700E-02
   .5814163E-02   .7809931E-02   .1041966E-01   .1272148E-01   .1402520E-01
   .1475394E-01   .1572647E-01   .1713230E-01   .1828161E-01   .1923850E-01
   .2004391E-01   .2096051E-01   .2244265E-01   .2412992E-01   .2508273E-01
   .2391002E-01   .2084685E-01   .1835465E-01   .1846030E-01   .2114401E-01
   .2584512E-01   .3199405E-01   .3890944E-01   .4500392E-01   .4930648E-01
   .5170331E-01   .5254737E-01   .5123926E-01   .4709900E-01   .4055010E-01
   .3283162E-01   .2449813E-01   .1609302E-01   .8832261E-02   .3251326E-02
   .7621853E-03   .1300105E-02   .3007772E-02   .4209411E-02   .2849250E-02
  -.2137009E-02  -.1034401E-01  -.1995866E-01  -.2968468E-01  -.3683657E-01
  -.3982261E-01  -.3824278E-01  -.3368464E-01  -.2978956E-01  -.2758994E-01
  -.2572012E-01  -.2410897E-01  -.2350688E-01  -.2371422E-01  -.2341301E-01
  -.2143641E-01  -.1754914E-01  -.1287640E-01  -.1022975E-01  -.9974337E-02
  -.1011503E-01  -.9624636E-02  -.7961610E-02  -.5750631E-02  -.4174770E-02
  -.3918972E-02  -.5611509E-02  -.8378442E-02  -.1063409E-01  -.1272464E-01
  -.1491372E-01  -.1678886E-01  -.1896143E-01  -.2200501E-01  -.2534792E-01
  -.2827640E-01  -.3062009E-01  -.3303615E-01  -.3535827E-01  -.3743626E-01
  -.3954951E-01  -.4101262E-01  -.4140654E-01  -.4093547E-01  -.3962573E-01
  -.3677743E-01  -.3239142E-01  -.2693091E-01  -.2140171E-01  -.1694970E-01
  -.1330342E-01  -.1010572E-01  -.7626720E-02  -.6706596E-02  -.7323502E-02
  -.9559874E-02  -.1200443E-01  -.1290387E-01  -.1186372E-01  -.7826695E-02
  -.7179245E-03   .7091107E-02   .1298909E-01   .1589430E-01   .1580462E-01
   .1339765E-01   .1017736E-01   .8177529E-02   .7654698E-02   .7964206E-02
   .9185910E-02   .1130046E-01   .1437522E-01   .1702573E-01   .1800252E-01
   .1758659E-01   .1777890E-01   .2019674E-01   .2466089E-01   .2909628E-01
   .3207463E-01   .3388268E-01   .3426993E-01   .3265017E-01   .2807687E-01
   .2008056E-01   .1061419E-01   .2339487E-02  -.3112580E-02  -.5842689E-02
  -.6400796E-02  -.5037144E-02  -.3152843E-02  -.2102527E-02  -.2477485E-02
  -.4363286E-02  -.7241078E-02  -.1060805E-01  -.1365309E-01  -.1569786E-01
  -.1575998E-01  -.1275757E-01  -.6220541E-02   .2179072E-02   .1180367E-01
   .2128859E-01   .2852275E-01   .3360452E-01   .3630105E-01   .3624744E-01
   .3382371E-01   .3041181E-01   .2706249E-01   .2484426E-01   .2514545E-01
   .2747184E-01   .3136545E-01   .3637492E-01   .4170257E-01   .4625888E-01
   .4823042E-01   .4693666E-01   .4340859E-01   .3822451E-01   .3209732E-01
   .2717910E-01   .2500904E-01   .2481639E-01   .2520432E-01   .2512545E-01
   .2369199E-01   .2006758E-01   .1400611E-01   .6004977E-02  -.3164873E-02
  -.1226646E-01  -.1992785E-01  -.2503037E-01  -.2751301E-01  -.2775569E-01
  -.2623508E-01  -.2333237E-01  -.2024318E-01  -.1832593E-01  -.1868487E-01
  -.2198326E-01  -.2662212E-01  -.3092706E-01  -.3449399E-01  -.3736284E-01
  -.3876727E-01  -.3806946E-01  -.3615945E-01  -.3355878E-01  -.3068398E-01
  -.2819984E-01  -.2703223E-01  -.2752441E-01  -.2928842E-01  -.3176407E-01
  -.3415841E-01  -.3582541E-01  -.3585885E-01  -.3415799E-01  -.3210173E-01
  -.3029023E-01  -.2769528E-01  -.2399152E-01  -.1919303E-01  -.1377028E-01
  -.8651319E-02  -.4924640E-02  -.2843164E-02  -.2066232E-02  -.1883064E-02
  -.1758448E-02  -.1860906E-02  -.2040551E-02  -.1856788E-02  -.1067146E-02
   .2547408E-03   .2058743E-02   .3914373E-02   .4935983E-02   .5727251E-02
   .7262943E-02   .8986424E-02   .9740842E-02   .8942460E-02   .7501551E-02
   .5917157E-02   .4268132E-02   .2828054E-02   .1583135E-02   .6309754E-03
  -.2318715E-04  -.3634801E-03  -.1318395E-03   .1099394E-03   .4671349E-03
   .9618905E-03   .1713244E-02   .3442704E-02   .5707950E-02   .7980611E-02
   .9691200E-02   .1081471E-01   .1158491E-01   .1188483E-01   .1150976E-01
   .1064397E-01   .9208987E-02   .7532198E-02   .5414221E-02   .2375646E-02
  -.1008485E-02  -.3225547E-02  -.4040319E-02  -.4167900E-02  -.3969674E-02
  -.3518954E-02  -.3669483E-02  -.3912101E-02  -.3313855E-02  -.2193909E-02
  -.4570649E-03   .1954385E-02   .4413467E-02   .6433873E-02   .8352638E-02
   .9761965E-02   .1013232E-01   .9542803E-02   .7839233E-02   .5174274E-02
   .2365048E-02   .6781247E-03   .4689373E-03   .2139652E-02   .5482774E-02
   .1001178E-01   .1502530E-01   .1969917E-01   .2290654E-01   .2430355E-01
   .2457582E-01   .2429686E-01   .2427491E-01   .2503136E-01   .2635720E-01
   .2797660E-01   .2929743E-01   .2944980E-01   .2812692E-01   .2551822E-01
   .2194852E-01   .1748897E-01   .1248314E-01   .7967506E-02   .4951145E-02
   .4240000E-02   .5854088E-02   .9096239E-02   .1287214E-01   .1597108E-01
   .1737405E-01   .1681336E-01   .1484382E-01   .1233945E-01   .9988280E-02
   .8360242E-02   .7630773E-02   .7129566E-02   .6090129E-02   .3746595E-02
   .1535940E-03  -.4542029E-02  -.9984385E-02  -.1564905E-01  -.2064586E-01
  -.2347009E-01  -.2308104E-01  -.2004193E-01  -.1578927E-01  -.1174503E-01
  -.9107209E-02  -.8022934E-02  -.8102250E-02  -.8431012E-02  -.8106889E-02
  -.6738130E-02  -.4243623E-02  -.4170329E-03   .3394849E-02   .5848795E-02
   .7602214E-02   .9010335E-02   .9854138E-02   .1027227E-01   .1054979E-01
   .1049452E-01   .9668664E-02   .8173263E-02   .6659873E-02   .4872730E-02
   .2924025E-02   .9674390E-03  -.2055842E-03  -.1022938E-02  -.2368480E-02
  -.4498576E-02  -.7265813E-02  -.1017136E-01  -.1294185E-01  -.1573129E-01
  -.1827946E-01  -.2017324E-01  -.2109273E-01  -.2088579E-01  -.1986218E-01
  -.1851052E-01  -.1709130E-01  -.1596524E-01  -.1615969E-01  -.1785578E-01
  -.2074865E-01  -.2334523E-01  -.2469404E-01  -.2453588E-01  -.2299909E-01
  -.2117016E-01  -.2011532E-01  -.1943636E-01  -.1806820E-01  -.1604724E-01
  -.1421753E-01  -.1310504E-01  -.1220269E-01  -.1109444E-01  -.9173777E-02
  -.6719130E-02  -.5829970E-02  -.6670072E-02  -.8078448E-02  -.9556395E-02
  -.1111197E-01  -.1226891E-01  -.1293755E-01  -.1306503E-01  -.1182002E-01
  -.8949030E-02  -.5737017E-02  -.3757979E-02  -.3419603E-02  -.4163892E-02
  -.5360907E-02  -.6336431E-02  -.6238636E-02  -.5078571E-02  -.3052550E-02
  -.3204081E-03   .2322239E-02   .4120286E-02   .5111314E-02   .5944789E-02
   .6666401E-02   .7204620E-02   .7415003E-02   .7796201E-02   .8517943E-02
   .9082407E-02   .8834933E-02   .7674546E-02   .5745623E-02   .3828334E-02
   .2930004E-02   .2852394E-02   .3090200E-02   .3315088E-02   .2932663E-02
   .1615247E-02  -.7156634E-03  -.3684404E-02  -.6710832E-02  -.9265859E-02
  -.1079962E-01  -.1060759E-01  -.8471510E-02  -.5179826E-02  -.1584661E-02
   .1754464E-02   .3405918E-02   .2658894E-02   .1252345E-03  -.3248704E-02
  -.6647074E-02  -.9954020E-02  -.1232628E-01  -.1317194E-01  -.1264343E-01
  -.1081906E-01  -.7735167E-02  -.3586477E-02   .1155961E-02   .5810571E-02
   .1022992E-01   .1433172E-01   .1738196E-01   .1867044E-01   .1809691E-01
   .1601651E-01   .1328595E-01   .1157120E-01   .1144959E-01   .1199169E-01
   .1214793E-01   .1181048E-01   .1125773E-01   .1070974E-01   .9733959E-02
   .7767852E-02   .5117513E-02   .2183047E-02  -.7542414E-03  -.2982471E-02
  -.4271598E-02  -.4354659E-02  -.2942524E-02  -.4162414E-03   .1918600E-02
   .2875860E-02   .2233139E-02  -.1583564E-05  -.3731315E-02  -.8126952E-02
  -.1163028E-01  -.1323534E-01  -.1233231E-01  -.9452443E-02  -.6255687E-02
  -.3979063E-02  -.2574558E-02  -.2210392E-02  -.2339574E-02  -.1225701E-02
   .1304611E-02   .2812399E-02   .1861279E-02  -.1348345E-02  -.4654046E-02
  -.5282159E-02  -.1938657E-02   .4432413E-02   .1205956E-01   .1882830E-01
   .2339337E-01   .2556219E-01   .2505427E-01   .2218388E-01   .1766098E-01
   .1245254E-01   .7667618E-02   .4691514E-02   .3857211E-02   .4567415E-02
   .6473563E-02   .9140544E-02   .1197972E-01   .1408833E-01   .1407535E-01
   .1253519E-01   .1059597E-01   .8813506E-02   .7664709E-02   .7291496E-02
   .7942814E-02   .9676834E-02   .1151435E-01   .1271151E-01   .1277737E-01
   .1101322E-01   .6886748E-02   .2090365E-02  -.2071273E-02  -.5623922E-02
  -.8752853E-02  -.1062364E-01  -.1094946E-01  -.9815984E-02  -.6883697E-02
  -.2672797E-02   .1569663E-02   .4944111E-02   .6895062E-02   .7102860E-02
   .5404806E-02   .2620908E-02  -.4463881E-03  -.3166474E-02  -.5499737E-02
  -.7455314E-02  -.8936286E-02  -.9552815E-02  -.9898422E-02  -.1005087E-01
  -.9685826E-02  -.8898253E-02  -.7217650E-02  -.4119057E-02   .6575143E-04
   .5026318E-02   .9947906E-02   .1414664E-01   .1720062E-01   .1890402E-01
   .1875667E-01   .1736978E-01   .1619350E-01   .1502653E-01   .1258257E-01
   .8494793E-02   .3666803E-02  -.1081855E-02  -.5012581E-02  -.7669980E-02
  -.8602391E-02  -.7644118E-02  -.5705401E-02  -.3171905E-02  -.6483339E-03
   .1139099E-02   .1775036E-02   .1735128E-02   .1057870E-02   .1230064E-04
  -.1247708E-02  -.2382668E-02  -.3880388E-02  -.6006256E-02  -.8455319E-02
  -.1102499E-01  -.1321903E-01  -.1391311E-01  -.1240687E-01  -.8931721E-02
  -.4819809E-02  -.1114206E-02   .1219588E-02   .1735422E-02   .7383244E-03
  -.1161347E-02  -.2433184E-02  -.2717408E-02  -.2463559E-02  -.1710772E-02
  -.2231675E-03   .1609794E-02   .2964165E-02   .3201144E-02   .2607202E-02
   .1662739E-02   .7235622E-03   .4769650E-03   .9413938E-03   .2137187E-02
   .3734401E-02   .4882707E-02   .5874003E-02   .7174347E-02   .8394078E-02
   .9377400E-02   .1068268E-01   .1247423E-01   .1380416E-01   .1418266E-01
   .1353248E-01   .1234971E-01   .1129520E-01   .1116473E-01   .1191458E-01
   .1339996E-01   .1550403E-01   .1779576E-01   .1935041E-01   .1902558E-01
   .1695774E-01   .1347923E-01   .8439643E-02   .2352982E-02  -.3410185E-02
  -.8086506E-02  -.1179467E-01  -.1420812E-01  -.1555344E-01  -.1663577E-01
  -.1793690E-01  -.1897561E-01  -.1920530E-01  -.1840356E-01  -.1696473E-01
  -.1482091E-01  -.1273443E-01  -.1189532E-01  -.1248564E-01  -.1410707E-01
  -.1553652E-01  -.1544806E-01  -.1368079E-01  -.1100698E-01  -.8324639E-02
  -.6060391E-02  -.4266854E-02  -.2805044E-02  -.1829957E-02  -.1305019E-02
  -.1071871E-02  -.3111877E-03   .1864900E-02   .5776063E-02   .1037104E-01
   .1446982E-01   .1739606E-01   .1835980E-01   .1669228E-01   .1218648E-01
   .5644902E-02  -.1524764E-02  -.7230755E-02  -.1028139E-01  -.1091636E-01
  -.9828347E-02  -.7782101E-02  -.5427199E-02  -.3399265E-02  -.1976472E-02
  -.1618697E-02  -.2528083E-02  -.4268232E-02  -.5650129E-02  -.5867672E-02
  -.4934398E-02  -.3572377E-02  -.2370906E-02  -.1500818E-02  -.1107236E-02
  -.1126831E-02  -.1780445E-02  -.2959348E-02  -.4293961E-02  -.5450048E-02
  -.6105264E-02  -.6270284E-02  -.6181918E-02  -.5350862E-02  -.4141348E-02
  -.3184083E-02  -.2389595E-02  -.1492753E-02  -.1340029E-02  -.2138005E-02
  -.3252006E-02  -.3801012E-02  -.3710079E-02  -.3240570E-02  -.2728871E-02
  -.2864812E-02  -.3632281E-02  -.4448260E-02  -.5187138E-02  -.5924753E-02
  -.6810368E-02  -.7568702E-02  -.7611732E-02  -.7104257E-02  -.6201404E-02
  -.5412217E-02  -.4707591E-02  -.3067944E-02   .1019489E-04   .3416221E-02
   .6026775E-02   .7879833E-02   .9019848E-02   .9420096E-02   .9321542E-02
   .9413038E-02   .9715145E-02   .1070841E-01   .1220046E-01   .1297176E-01
   .1255881E-01   .1098296E-01   .8625745E-02   .6227862E-02   .4141478E-02
   .2864120E-02   .2879096E-02   .3761383E-02   .5250522E-02   .6518351E-02
   .7141422E-02   .6862326E-02   .5540201E-02   .2833241E-02  -.1506476E-02
  -.6564731E-02  -.1166089E-01  -.1629609E-01  -.1961387E-01  -.2134462E-01
  -.2174272E-01  -.2157634E-01  -.2122953E-01  -.2072899E-01  -.2030356E-01
  -.2050208E-01  -.2137513E-01  -.2265234E-01  -.2398639E-01  -.2517880E-01
  -.2599322E-01  -.2572013E-01  -.2377457E-01  -.2089755E-01  -.1790093E-01
  -.1517981E-01  -.1319603E-01  -.1247912E-01  -.1265771E-01  -.1309129E-01
  -.1384345E-01  -.1394166E-01  -.1248038E-01  -.9029281E-02  -.4407669E-02
   .5467249E-05   .3398410E-02   .5725671E-02   .7215480E-02   .7870441E-02
   .7675836E-02   .6896056E-02   .5582817E-02   .4068279E-02   .2783664E-02
   .2490701E-02   .3441847E-02   .5434903E-02   .7864052E-02   .1037045E-01
   .1210289E-01   .1254395E-01   .1199508E-01   .1044679E-01   .7907750E-02
   .4964583E-02   .2589269E-02   .7185804E-03  -.1406263E-02  -.3213849E-02
  -.3504169E-02  -.2169087E-02   .6551178E-03   .4465782E-02   .8545395E-02
   .1227202E-01   .1503331E-01   .1635750E-01   .1623484E-01   .1467513E-01
   .1267537E-01   .1144260E-01   .1134785E-01   .1239787E-01   .1418250E-01
   .1635055E-01   .1860666E-01   .1984674E-01   .1942545E-01   .1787573E-01
   .1603879E-01   .1475759E-01   .1462531E-01   .1542623E-01   .1684382E-01
   .1843738E-01   .1988711E-01   .2082117E-01   .2150634E-01   .2197608E-01
   .2241686E-01   .2264808E-01   .2275596E-01   .2272752E-01   .2203043E-01
   .2051404E-01   .1885973E-01   .1791086E-01   .1779661E-01   .1767270E-01
   .1740906E-01   .1708265E-01   .1617928E-01   .1388619E-01   .1025099E-01
   .6272244E-02   .2463632E-02  -.8352252E-03  -.3184396E-02  -.5125291E-02
  -.6634525E-02  -.7328891E-02  -.7046586E-02  -.6042071E-02  -.4909261E-02
  -.4064477E-02  -.4171719E-02  -.5542421E-02  -.7095943E-02  -.8713924E-02
  -.1050979E-01  -.1235919E-01  -.1423651E-01  -.1634592E-01  -.1839921E-01
  -.1980997E-01  -.2040451E-01  -.1962918E-01  -.1794870E-01  -.1627274E-01
  -.1494438E-01  -.1430527E-01  -.1448885E-01  -.1477338E-01  -.1449646E-01
  -.1330124E-01  -.1135859E-01  -.8849851E-02  -.6337943E-02  -.4047469E-02
  -.2383001E-02  -.1951407E-02  -.2088405E-02  -.2497659E-02  -.2796586E-02
  -.2869713E-02  -.3361467E-02  -.4902837E-02  -.6757584E-02  -.8024646E-02
  -.8581269E-02  -.8637213E-02  -.8142866E-02  -.6882617E-02  -.4920849E-02
  -.3256469E-02  -.2880018E-02  -.3862086E-02  -.5422056E-02  -.6929177E-02
  -.8575883E-02  -.1035269E-01  -.1261073E-01  -.1475246E-01  -.1673281E-01
  -.1858971E-01  -.2025956E-01  -.2144656E-01  -.2233636E-01  -.2264690E-01
  -.2244698E-01  -.2178999E-01  -.2049277E-01  -.1857361E-01  -.1638082E-01
  -.1455653E-01  -.1336284E-01  -.1270874E-01  -.1194436E-01  -.1047677E-01
  -.7991901E-02  -.4821955E-02  -.1310132E-02   .1867315E-02   .3967254E-02
   .4460954E-02   .3867258E-02   .3152026E-02   .3022772E-02   .4007193E-02
   .6021657E-02   .8256647E-02   .9884888E-02   .1028425E-01   .9516868E-02
   .7965438E-02   .6895174E-02   .6425693E-02   .6389710E-02   .6607406E-02
   .6702902E-02   .6689583E-02   .6501969E-02   .6153872E-02   .6231237E-02
   .6935807E-02   .7577309E-02   .8000622E-02   .8327944E-02   .8430828E-02
   .8289369E-02   .8501705E-02   .9652445E-02   .1167374E-01   .1381732E-01
   .1574832E-01   .1705887E-01   .1658762E-01   .1447396E-01   .1164961E-01
   .8678950E-02   .6267507E-02   .5122458E-02   .5374290E-02   .6364352E-02
   .7056801E-02   .7009294E-02   .5812322E-02   .3817709E-02   .1630780E-02
  -.1308689E-03  -.1109630E-02  -.1047447E-02   .2776130E-04   .1364653E-02
   .3113832E-02   .5123622E-02   .6492502E-02   .7252415E-02   .7797015E-02
   .8340351E-02   .9078343E-02   .9828386E-02   .1055589E-01   .1131015E-01
   .1234908E-01   .1311862E-01   .1385368E-01   .1523761E-01   .1724820E-01
   .1877886E-01   .1935241E-01   .1894020E-01   .1732734E-01   .1515078E-01
   .1321266E-01   .1174099E-01   .1105455E-01   .1098171E-01   .1116490E-01
   .1121278E-01   .1053512E-01   .8634651E-02   .5788644E-02   .2537404E-02
  -.5619027E-03  -.2637390E-02  -.3272015E-02  -.2608588E-02  -.8974551E-03
   .9927238E-03   .2463002E-02   .3377864E-02   .3327979E-02   .2609405E-02
   .1550303E-02   .5604446E-03   .3660232E-04  -.1312916E-03  -.8894487E-04
  -.3234670E-03  -.4066875E-03  -.1345850E-03  -.2164468E-03  -.7662210E-03
  -.1981961E-02  -.3338702E-02  -.4810668E-02  -.5803477E-02  -.6510082E-02
  -.7109985E-02  -.7293026E-02  -.7172561E-02  -.6875280E-02  -.6899214E-02
  -.7425732E-02  -.8184277E-02  -.8969037E-02  -.9318504E-02  -.9093739E-02
  -.8800332E-02  -.9021439E-02  -.1011477E-01  -.1171054E-01  -.1347557E-01
  -.1538386E-01  -.1699203E-01  -.1822081E-01  -.1922583E-01  -.1968428E-01
  -.1951210E-01  -.1853458E-01  -.1744005E-01  -.1710516E-01  -.1697844E-01
  -.1668516E-01  -.1603610E-01  -.1541656E-01  -.1454402E-01  -.1307253E-01
  -.1144539E-01  -.1012663E-01  -.8829553E-02  -.7357357E-02  -.6302166E-02
  -.5383005E-02  -.4589455E-02  -.4149233E-02  -.3845728E-02  -.3881580E-02
  -.4191120E-02  -.4575396E-02  -.4950747E-02  -.5259542E-02  -.5754393E-02
  -.6419893E-02  -.7308797E-02  -.8177910E-02  -.9160061E-02  -.9692271E-02
  -.9305383E-02  -.8379074E-02  -.7390372E-02  -.5685829E-02  -.3449101E-02
  -.1945086E-02  -.1566604E-02  -.1793930E-02  -.2337816E-02  -.2986811E-02
  -.3305059E-02  -.2934901E-02  -.1464060E-02   .3963347E-03   .2214042E-02
   .3836798E-02   .4644803E-02   .4913814E-02   .5407665E-02   .5968650E-02
   .6117313E-02   .6238775E-02   .6794555E-02   .7583602E-02   .8342834E-02
   .8588736E-02   .8429518E-02   .8618339E-02   .9201492E-02   .9857775E-02
   .1061981E-01   .1177234E-01   .1289826E-01   .1360998E-01   .1422988E-01
   .1543256E-01   .1771303E-01   .2065801E-01   .2301136E-01   .2427658E-01
   .2400185E-01   .2185708E-01   .1828398E-01   .1419601E-01   .1026603E-01
   .7205970E-02   .5634877E-02   .5647779E-02   .6246657E-02   .6461877E-02
   .5680276E-02   .3801102E-02   .1099868E-02  -.1745426E-02  -.3598333E-02
  -.4046636E-02  -.3247216E-02  -.1568628E-02   .1322163E-03   .1596691E-02
   .2500831E-02   .1916151E-02  -.2155963E-03  -.3217203E-02  -.6238543E-02
  -.8517515E-02  -.9528191E-02  -.9145113E-02  -.7430114E-02  -.5280875E-02
  -.3619980E-02  -.2581212E-02  -.2117946E-02  -.2187621E-02  -.2702273E-02
  -.3454787E-02  -.4119283E-02  -.4317870E-02  -.4030163E-02  -.3847247E-02
  -.4147972E-02  -.4801721E-02  -.5282596E-02  -.5350888E-02  -.5392812E-02
  -.5508720E-02  -.5883937E-02  -.6212063E-02  -.6410468E-02  -.6736321E-02
  -.7019024E-02  -.7317784E-02  -.7400343E-02  -.7014013E-02  -.6484180E-02
  -.5999163E-02  -.5610026E-02  -.5281774E-02  -.4639528E-02  -.3824692E-02
  -.3303809E-02  -.3403046E-02  -.3291467E-02  -.2618930E-02  -.1754166E-02
  -.9458485E-03  -.3086731E-03  -.7056273E-04  -.1854297E-03  -.3311377E-03
  -.1048035E-02  -.2508134E-02  -.4100941E-02  -.5346332E-02  -.6413695E-02
  -.7272221E-02  -.7274468E-02  -.6363076E-02  -.5028969E-02  -.3571719E-02
  -.1934931E-02   .2987245E-05   .2502690E-02   .5344409E-02   .7553112E-02
   .8934577E-02   .9348687E-02   .9114854E-02   .8537301E-02   .7380869E-02
   .5977124E-02   .5043106E-02   .4639541E-02   .4485614E-02   .4355569E-02
   .3653694E-02   .2509265E-02   .1787583E-02   .1444216E-02   .1635283E-02
   .2640248E-02   .4410404E-02   .6453214E-02   .7719171E-02   .7775866E-02
   .6735093E-02   .5339477E-02   .3636303E-02   .1907740E-02   .7916459E-03
   .8564113E-03   .1878433E-02   .2976183E-02   .3705239E-02   .4085700E-02
   .3325314E-02   .1655827E-02  -.5445042E-04  -.1438778E-02  -.2401088E-02
  -.2788540E-02  -.2889828E-02  -.2971902E-02  -.2971701E-02  -.3089290E-02
  -.3526660E-02  -.4193356E-02  -.4724092E-02  -.4521327E-02  -.4350262E-02
  -.3980398E-02  -.3339206E-02  -.1134348E-02   .7090857E-03   .3208330E-03
  -.1133590E-03   .2574077E-04   .7627305E-03   .1802783E-02   .2807752E-02
   .4296932E-02   .6190527E-02   .7402668E-02   .7643338E-02   .7196563E-02
   .6565019E-02   .5964995E-02   .5242916E-02   .4092316E-02   .2606649E-02
   .8979253E-03  -.5296652E-03  -.1379705E-02  -.1750362E-02  -.1742784E-02
  -.1154311E-02  -.2364874E-03   .4011826E-03   .4379219E-03  -.1113495E-03
  -.9791273E-03  -.2037927E-02  -.3164850E-02  -.4150786E-02  -.4722755E-02
  -.4413118E-02  -.3507015E-02  -.2849255E-02  -.2710552E-02  -.2808781E-02
  -.2236513E-02  -.7999036E-03   .1031153E-02   .2742472E-02   .4115159E-02
   .4759031E-02   .4774569E-02   .4378529E-02   .3689068E-02   .2647048E-02
   .1275240E-02  -.1621786E-03  -.1709813E-02  -.3181938E-02  -.4611744E-02
  -.6008824E-02  -.6928098E-02  -.6995031E-02  -.6175347E-02  -.4488191E-02
  -.2347603E-02   .1982296E-04   .2138091E-02   .3169249E-02   .3272958E-02
   .2769505E-02   .1768844E-02   .7601958E-03   .8818702E-04   .7366186E-05
   .3079522E-03   .8892786E-03   .1549982E-02   .2004734E-02   .2263148E-02
   .2134732E-02   .1438551E-02   .4985432E-03  -.6098990E-03  -.1826358E-02
  -.2573329E-02  -.3284261E-02  -.3720221E-02  -.3894146E-02  -.4048002E-02
  -.3958165E-02  -.3672324E-02  -.3081289E-02  -.2279492E-02  -.1546923E-02
  -.8506203E-03  -.2717869E-03   .3713537E-03   .9691570E-03   .1301067E-02
   .1445910E-02   .1491078E-02   .1888811E-02   .2573265E-02   .3143769E-02
   .3253652E-02   .3075535E-02   .2826869E-02   .2460245E-02   .1993464E-02
   .1308911E-02   .6900415E-03   .4265523E-03   .8392454E-03   .1373517E-02
   .1347176E-02   .1400851E-02   .1105335E-02   .8276674E-04  -.1610987E-02
  -.3614574E-02  -.5249218E-02  -.6353411E-02  -.6473361E-02  -.5682996E-02
  -.4614858E-02  -.3558140E-02  -.2622039E-02  -.2122935E-02  -.2121203E-02
  -.2244210E-02  -.2063465E-02  -.1306095E-02  -.3897778E-03   .6140230E-03
   .1602258E-02   .2900672E-02   .4642118E-02   .6332164E-02   .7965345E-02
   .9390214E-02   .1044977E-01   .1072704E-01   .1011585E-01   .9087740E-02
   .8032134E-02   .6966981E-02   .5680900E-02   .4245284E-02   .3237973E-02
   .2871661E-02   .2977032E-02   .3246359E-02   .3439954E-02   .3141959E-02
   .2375085E-02   .1381757E-02   .6674279E-03   .1484687E-03  -.3610539E-03
  -.6878946E-03  -.8755335E-03  -.1009570E-02  -.1486284E-02  -.2117168E-02
  -.2736334E-02  -.3056169E-02  -.3070598E-02  -.3008827E-02  -.2712819E-02
  -.2330638E-02  -.1835890E-02  -.1264602E-02  -.9992615E-03  -.1386584E-02
  -.1875982E-02  -.2194835E-02  -.2612991E-02  -.3067708E-02  -.3589852E-02
  -.4346950E-02  -.5340265E-02  -.6333019E-02  -.7322763E-02  -.8178548E-02
  -.8722250E-02  -.8768274E-02  -.8242864E-02  -.7487864E-02  -.6385737E-02
  -.5150494E-02  -.4342746E-02  -.4429336E-02  -.5221260E-02  -.5918810E-02
  -.6279795E-02  -.6121600E-02  -.5234615E-02  -.3620089E-02  -.1845221E-02
  -.3492225E-03   .9585563E-03   .2054139E-02   .3110945E-02   .3761345E-02
   .3866418E-02   .3432252E-02   .2664543E-02   .1822474E-02   .1037536E-02
   .4572413E-04  -.1149182E-02  -.2363476E-02  -.3368265E-02  -.4220765E-02
  -.4557503E-02  -.4259376E-02  -.3261159E-02  -.1974655E-02  -.6557002E-03
   .6006329E-03   .1929305E-02   .2989653E-02   .3568294E-02   .3874707E-02
   .3910818E-02   .3648833E-02   .2809107E-02   .1109823E-02  -.3869217E-03
  -.1036557E-02  -.8844231E-03   .1363501E-04   .8511076E-03   .1278129E-02
   .1103355E-02   .5200427E-03  -.3290555E-03  -.8572792E-03  -.6395784E-03
  -.3363848E-04   .5859971E-03   .8709480E-03   .4639696E-03  -.6903929E-03
  -.2095297E-02  -.3292606E-02  -.3724917E-02  -.3220609E-02  -.2160379E-02
  -.8234238E-03   .7747541E-03   .2243228E-02   .3416468E-02   .3976407E-02
   .4116960E-02   .3640821E-02   .2778683E-02   .2041931E-02   .1505001E-02
   .1153102E-02   .1209428E-02   .1429056E-02   .1395676E-02   .7360649E-03
  -.1706162E-03  -.1180905E-02  -.1976756E-02  -.2268033E-02  -.2400343E-02
  -.2085760E-02  -.1417143E-02  -.8540494E-03  -.4753328E-03  -.3810057E-03
  -.9720112E-03  -.2005430E-02  -.3013033E-02  -.3967485E-02  -.4684976E-02
  -.4810317E-02  -.4476695E-02  -.3945466E-02  -.3348261E-02  -.2559367E-02
  -.1372446E-02   .9979312E-04   .1614290E-02   .2592365E-02   .2815615E-02
   .2889508E-02   .3309690E-02   .3950982E-02   .4235350E-02   .4383269E-02
   .4866791E-02   .5327666E-02   .5249124E-02   .4737289E-02   .3699237E-02
   .2593868E-02   .1293717E-02   .3518287E-03  -.1212980E-03  -.2921778E-03
   .2218222E-03   .1141505E-02   .1821213E-02   .2169348E-02   .1909475E-02
   .1218315E-02   .5937621E-03   .2411055E-03   .2570210E-03   .8038613E-03
   .1729833E-02   .2354882E-02   .2382627E-02   .1834639E-02   .8524208E-03
  -.5206049E-03  -.1593458E-02  -.2273448E-02  -.2248459E-02  -.1534765E-02
  -.4092349E-03   .1049094E-02   .2301517E-02   .3062106E-02   .3193116E-02
   .2871634E-02   .2452723E-02   .2352819E-02   .2470444E-02   .2519810E-02
   .2531509E-02   .2601808E-02   .2688717E-02   .2546258E-02   .2270313E-02
   .1766743E-02   .1126409E-02   .3367055E-03  -.6393542E-03  -.1302910E-02
  -.1768185E-02  -.2170551E-02  -.2931011E-02  -.3597732E-02  -.3667265E-02
  -.3745928E-02  -.3810709E-02  -.3783457E-02  -.3835681E-02  -.3972928E-02
  -.3880034E-02  -.3684191E-02  -.3012058E-02  -.1976275E-02  -.3746400E-03
   .1562461E-02   .3574929E-02   .5165910E-02   .5778458E-02   .5461465E-02
   .4245869E-02   .2627587E-02   .1088125E-02  -.7853551E-04  -.5162936E-03
  -.3390087E-03  -.1565971E-03  -.3879114E-03  -.7858057E-03  -.1375797E-02
  -.2258510E-02  -.3217966E-02  -.4317671E-02  -.5519830E-02  -.6821668E-02
  -.8460909E-02  -.1018168E-01  -.1154017E-01  -.1242777E-01  -.1288342E-01
  -.1275843E-01  -.1199946E-01  -.1055004E-01  -.8730883E-02  -.6920158E-02
  -.5412647E-02  -.4193166E-02  -.3357164E-02  -.2913023E-02  -.2507005E-02
  -.2115305E-02  -.1594150E-02  -.9168836E-03  -.2027107E-03   .6441618E-03
   .1426909E-02   .2016602E-02   .2107566E-02   .1958082E-02   .1696798E-02
   .1707204E-02   .2196654E-02   .2711898E-02   .3076185E-02   .3637599E-02
   .4468980E-02   .5018229E-02   .4715560E-02   .3650908E-02   .2118058E-02
   .1253513E-03  -.1600621E-02  -.1986995E-02  -.1410192E-02  -.6674381E-03
  -.1711019E-03  -.1204950E-03  -.2824197E-03  -.3971394E-03  -.1151679E-03
   .5971122E-03   .1712191E-02   .2680757E-02   .3335963E-02   .4243535E-02
   .5067572E-02   .5344892E-02   .5186378E-02   .4927569E-02   .4866890E-02
   .4742733E-02   .4447411E-02   .4563339E-02   .4673142E-02   .4785046E-02
   .5154981E-02   .5385112E-02   .5349095E-02   .5141060E-02   .4820349E-02
   .4546788E-02   .4150760E-02   .3778863E-02   .3401369E-02   .2754666E-02
   .2446235E-02   .2373245E-02   .2006945E-02   .1259671E-02   .7525550E-03
   .8960181E-03   .1555418E-02   .2504044E-02   .3091149E-02   .3046016E-02
   .2568831E-02   .1793300E-02   .1154697E-02   .2231483E-03  -.1002716E-02
  -.1833632E-02  -.2093189E-02  -.2055921E-02  -.2089712E-02  -.2282633E-02
  -.2630022E-02  -.2726223E-02  -.2465029E-02  -.2117516E-02  -.1704413E-02
  -.1278031E-02  -.1075355E-02  -.1104030E-02  -.1252355E-02  -.1444955E-02
  -.1367570E-02  -.7848081E-03  -.5090421E-04   .7594393E-03   .1502802E-02
   .1910543E-02   .1718245E-02   .1159492E-02   .1047014E-02   .1180613E-02
   .1526610E-02   .2092178E-02   .2503824E-02   .2842176E-02   .2843362E-02
   .2367908E-02   .1824855E-02   .1113971E-02   .2958498E-03  -.5822385E-03
  -.1181507E-02  -.1201920E-02  -.8660998E-03  -.4215704E-03   .4927856E-04
   .3163931E-03   .3053924E-03  -.1716225E-04  -.4775134E-03  -.9745188E-03
  -.1353140E-02  -.1546138E-02  -.1477309E-02  -.1024595E-02  -.2763872E-03
   .2736234E-03   .4417459E-03   .2506713E-03   .1243285E-03  -.1721119E-04
   .1782021E-04   .5102936E-03   .8035070E-03   .8480791E-03   .5956209E-03
   .3660064E-03   .3589611E-03   .4378479E-03   .7123297E-03   .1125701E-02
   .1587309E-02   .1898153E-02   .2104365E-02   .1911034E-02   .1238546E-02
   .3656056E-03  -.6113460E-03  -.1456984E-02  -.2123090E-02  -.2575605E-02
  -.2867447E-02  -.2879874E-02  -.2809275E-02  -.2818185E-02  -.2628566E-02
  -.2388843E-02  -.2235153E-02  -.2084601E-02  -.1741698E-02  -.2840870E-02
  -.4268527E-02  -.3946235E-02  -.3567391E-02  -.3150191E-02  -.2877886E-02
  -.2576146E-02  -.2191365E-02  -.1532206E-02  -.6167023E-03   .2296324E-03
   .7302041E-03   .1142977E-02   .1358193E-02   .1475489E-02   .1707682E-02
   .2115768E-02   .2597988E-02   .2904158E-02   .2954010E-02   .2884080E-02
   .2260269E-02   .1277478E-02   .2075460E-05  -.1735091E-02  -.3122366E-02
  -.3385186E-02  -.2995334E-02  -.2281576E-02  -.1333790E-02  -.5413594E-03
  -.1853714E-03  -.1572461E-03  -.4868490E-03  -.1310521E-02  -.2385588E-02
  -.3324553E-02  -.3695470E-02  -.3493478E-02  -.3249217E-02  -.3336759E-02
  -.3557892E-02  -.3820660E-02  -.3733109E-02  -.3158094E-02  -.2370007E-02
  -.1758848E-02  -.9519419E-03   .2240220E-03   .1438356E-02   .2482224E-02
   .3196707E-02   .3518741E-02   .3695948E-02   .4014547E-02   .4557456E-02
   .5043640E-02   .5417213E-02   .5558506E-02   .5278493E-02   .4718829E-02
   .4353292E-02   .3887385E-02   .3431393E-02   .2978686E-02   .2408322E-02
   .1606434E-02   .8640772E-03  -.3528532E-04  -.1204424E-02  -.2122349E-02
  -.2504028E-02  -.2418451E-02  -.1949108E-02  -.1195164E-02  -.2270062E-03
   .6579928E-03   .1425936E-02   .2042690E-02   .2718597E-02   .3420538E-02
   .3702651E-02   .3691120E-02   .3346778E-02   .2820560E-02   .2291264E-02
   .2015949E-02   .2016133E-02   .2214025E-02   .2170452E-02   .1951317E-02
   .2019878E-02   .2397669E-02   .3190405E-02   .4185365E-02   .4481911E-02
   .4276650E-02   .3554380E-02   .2400087E-02   .1243217E-02   .8673817E-04
  -.8388857E-03  -.1557622E-02  -.2202701E-02  -.2687815E-02  -.2848051E-02
  -.2839106E-02  -.2745974E-02  -.2489475E-02  -.1968404E-02  -.1215562E-02
  -.5094181E-03   .6086674E-04   .4453472E-03   .6167701E-03   .7121235E-03
   .5948810E-03   .5150778E-03   .9881666E-03   .1802203E-02   .2234940E-02
   .2109260E-02   .1456620E-02   .7744709E-03  -.3996826E-04  -.8169234E-03
  -.1351140E-02  -.1404393E-02  -.1015548E-02  -.5421568E-03  -.3169069E-03
  -.3283079E-03  -.4602525E-03  -.7702350E-03  -.1161208E-02  -.1181943E-02
  -.9397082E-03  -.8602336E-03  -.8395334E-03  -.9721029E-03  -.1154898E-02
  -.1297186E-02  -.1432530E-02  -.1759269E-02  -.2078752E-02  -.2190475E-02
  -.1895319E-02  -.1239896E-02  -.2740863E-03   .3633284E-03   .4725049E-03
   .1366361E-03  -.3794442E-03  -.9404322E-03  -.1288138E-02  -.1368497E-02
  -.1483379E-02  -.1525878E-02  -.1371016E-02  -.1182619E-02  -.8783234E-03
  -.4498474E-03  -.3119022E-03  -.5139602E-03  -.1021941E-02  -.1611710E-02
  -.2004480E-02  -.2094255E-02  -.1821565E-02  -.1254178E-02  -.5273656E-03
   .1820760E-03   .6428209E-03   .6733147E-03   .4210942E-03   .1039338E-03
  -.5188041E-03  -.1279432E-02  -.1920622E-02  -.2423325E-02  -.2491272E-02
  -.2415472E-02  -.2012607E-02  -.1437425E-02  -.1132648E-02  -.1147786E-02
  -.1246093E-02  -.1338638E-02  -.1619263E-02  -.2022646E-02  -.2436818E-02
  -.3159261E-02  -.3996525E-02  -.4526085E-02  -.4742992E-02  -.4578113E-02
  -.3955826E-02  -.2858606E-02  -.1363485E-02   .3578926E-04   .9896823E-03
   .1789944E-02   .2693364E-02   .3544106E-02   .4004478E-02   .4073685E-02
   .3821102E-02   .3116886E-02   .2242437E-02   .1467724E-02   .6743748E-03
  -.8281765E-04  -.6752482E-03  -.9773142E-03  -.9184801E-03  -.1161962E-02
  -.1359802E-02  -.1425872E-02  -.1776485E-02  -.2101994E-02  -.1827352E-02
  -.1169634E-02  -.6453004E-03  -.2715846E-03  -.3704455E-04  -.1690283E-03
  -.6544383E-03  -.1024663E-02  -.9100325E-03  -.1010545E-03   .8543957E-03
   .1784242E-02   .2905887E-02   .4078817E-02   .4673510E-02   .4743215E-02
   .4756227E-02   .4490510E-02   .4047883E-02   .3532301E-02   .2689206E-02
   .2049289E-02   .1557066E-02   .1311655E-02   .1382118E-02   .1344697E-02
   .1279432E-02   .1096649E-02   .8212239E-03   .8876467E-03   .9796202E-03
   .8436250E-03   .5850504E-03   .6159375E-03   .9092059E-03   .1436882E-02
   .1961923E-02   .2339178E-02   .2551209E-02   .2457190E-02   .2358428E-02
   .2182453E-02   .1926528E-02   .1622681E-02   .1466240E-02   .1316648E-02
   .8633468E-03   .2494750E-03  -.4300438E-03  -.9174072E-03  -.1025053E-02
  -.1116716E-02  -.1127669E-02  -.9878249E-03  -.6585386E-03  -.4394549E-03
  -.4740218E-03  -.5063034E-03  -.6559061E-03  -.9867300E-03  -.1757192E-02
  -.2733220E-02  -.3754338E-02  -.4471575E-02  -.4841360E-02  -.4825390E-02
  -.4584668E-02  -.4208247E-02  -.3765810E-02  -.3246374E-02  -.2830320E-02
  -.2312402E-02  -.1791523E-02  -.1408631E-02  -.1330769E-02  -.1366568E-02
  -.1408564E-02  -.1380480E-02  -.1021041E-02  -.2666594E-03   .7422792E-03
   .1684862E-02   .2724767E-02   .3388436E-02   .3309880E-02   .2616094E-02
   .1765439E-02   .1060603E-02   .6931593E-03   .7512578E-03   .1134185E-02
   .1529345E-02   .2327648E-02   .3095226E-02   .3254623E-02   .2856351E-02
   .2393513E-02   .2072601E-02   .1764278E-02   .1634970E-02   .1626881E-02
   .1532309E-02   .1045447E-02   .4595286E-03  -.5789983E-04  -.7194176E-03
  -.1737591E-02  -.2821737E-02  -.3114301E-02  -.2375316E-02  -.1217142E-02
  -.4468209E-03  -.1088330E-04   .3634671E-03   .6453024E-03   .6144851E-03
   .1852191E-03  -.3057018E-03  -.9626165E-03  -.1857815E-02  -.2432217E-02
  -.2777558E-02  -.3148993E-02  -.3780073E-02  -.4562125E-02  -.5131850E-02
  -.5853632E-02  -.6141042E-02  -.5502789E-02  -.4169872E-02  -.2645234E-02
  -.1044179E-02   .2904588E-03   .1108641E-02   .1496671E-02   .1308326E-02
   .8772301E-03   .4260127E-03   .2178140E-04  -.3313608E-03  -.6976410E-03
  -.1012444E-02  -.1376932E-02  -.1478110E-02  -.1640156E-02  -.2105351E-02
  -.2664363E-02  -.3162517E-02  -.3436973E-02  -.3466718E-02  -.3402413E-02
  -.3250076E-02  -.2855127E-02  -.1921826E-02  -.6555277E-03   .1977869E-03
   .5280663E-03   .4951462E-03   .1984851E-03  -.2272786E-03  -.7691506E-03
  -.1343491E-02  -.1823316E-02  -.2049962E-02  -.1952128E-02  -.1639203E-02
  -.1267555E-02  -.1025918E-02  -.8885235E-03  -.7254580E-03  -.4051149E-03
  -.1922462E-03  -.5602331E-04  -.9427015E-04  -.4800053E-04  -.1287651E-03
  -.5048102E-03  -.9401021E-03  -.1241080E-02  -.1276483E-02  -.9155207E-03
  -.5606720E-03  -.6778874E-03  -.7818969E-03  -.6835585E-03  -.5728792E-03
  -.4980427E-03  -.4222521E-03  -.5048181E-03  -.5414556E-03  -.1162330E-03
   .6495879E-03   .1298284E-02   .1607659E-02   .1992993E-02   .2519440E-02
   .2985032E-02   .3153057E-02   .3189732E-02   .3349161E-02   .3236696E-02
   .2794996E-02   .2543197E-02   .2290490E-02   .1935975E-02   .1629647E-02
   .1288090E-02   .1021048E-02   .1007647E-02   .1252426E-02   .1411015E-02
   .1536269E-02   .1565849E-02   .1356750E-02   .1110413E-02   .7408755E-03
   .2207767E-03  -.4575702E-03  -.7751890E-03  -.6260167E-03  -.2060907E-03
   .1300697E-03   .5477117E-03   .1127261E-02   .1685002E-02   .2153440E-02
   .2527948E-02   .2499027E-02   .2264953E-02   .2129196E-02   .2011720E-02
   .1809788E-02   .1673354E-02   .1163911E-02   .6477363E-03   .3791681E-03
   .1963756E-03   .2372513E-03   .4337144E-03   .6857325E-03   .7531320E-03
   .5733871E-03   .1639494E-03  -.1148490E-03  -.5735124E-03  -.1032754E-02
  -.1324767E-02  -.1624629E-02  -.1958343E-02  -.2485403E-02  -.2933142E-02
  -.3343678E-02  -.3549400E-02  -.3614926E-02  -.3458062E-02  -.2924661E-02
  -.2117965E-02  -.1098953E-02  -.2401984E-04   .6892247E-03   .1087032E-02
   .1436005E-02   .1925949E-02   .2123485E-02   .1927169E-02   .1913861E-02
   .2186761E-02   .2796210E-02   .3910057E-02   .5085182E-02   .5983576E-02
   .6125081E-02   .5692490E-02   .5022405E-02   .4254544E-02   .3410805E-02
   .2673083E-02   .2007992E-02   .1492061E-02   .9384177E-03   .1754738E-03
  -.3768691E-03  -.8726405E-03  -.1224326E-02  -.1349448E-02  -.1160281E-02
  -.1210697E-02  -.1178494E-02  -.7309737E-03  -.1630527E-03   .1183479E-03
   .3434979E-03   .5666509E-03   .6511007E-03   .5589548E-03   .2818526E-03
  -.2290773E-03  -.7780414E-03  -.9147171E-03  -.5780824E-03   .8351589E-04
   .9242901E-03   .1530969E-02   .1636232E-02   .1462535E-02   .1471497E-02
   .1560780E-02   .1508445E-02   .1343979E-02   .1342903E-02   .1255523E-02
   .8248713E-03   .2117694E-03  -.5056258E-03  -.1284269E-02  -.1948526E-02
  -.2308243E-02  -.2031612E-02  -.1244141E-02  -.2253604E-03   .6636412E-03
   .1323507E-02   .1922179E-02   .2580282E-02   .3032104E-02   .3167512E-02
   .3145781E-02   .3218733E-02   .3220478E-02   .3230728E-02   .2819440E-02
   .1558785E-02   .1389915E-03  -.1086011E-02  -.2065825E-02  -.2881588E-02
  -.3297414E-02  -.3552595E-02  -.4121451E-02  -.5041553E-02  -.5397130E-02
  -.4941556E-02  -.4059499E-02  -.2775653E-02  -.1517379E-02  -.5809869E-03
   .3419130E-04   .5630923E-03   .7947687E-03   .8719365E-03   .8325738E-03
   .7628881E-03   .9720074E-03   .1046400E-02   .1122541E-02   .1099333E-02
   .6190089E-03  -.2725745E-03  -.1136020E-02  -.1803434E-02  -.1999835E-02
  -.1790068E-02  -.1626533E-02  -.1758977E-02  -.1841549E-02  -.1625695E-02
  -.1188202E-02  -.7874744E-03  -.6399320E-03  -.9026431E-03  -.1336590E-02
  -.2103382E-02  -.2899544E-02  -.3395916E-02  -.3651700E-02  -.3676485E-02
  -.3303310E-02  -.2675568E-02  -.1974115E-02  -.1477850E-02  -.1434373E-02
  -.1814345E-02  -.1897979E-02  -.1592366E-02  -.1379162E-02  -.1354931E-02
  -.1061702E-02  -.5771750E-03  -.2164927E-03  -.1867701E-03  -.1612234E-03
  -.3187043E-03  -.7809949E-03  -.1051365E-02  -.1114475E-02  -.1032890E-02
  -.7366980E-03  -.6194817E-03  -.4979676E-03  -.2486348E-03   .1886379E-03
   .6450808E-03   .9292774E-03   .7670016E-03   .3273055E-03  -.8963583E-04
  -.5245861E-03  -.1059569E-02  -.1521842E-02  -.1933426E-02  -.2073184E-02
  -.1925083E-02  -.1812268E-02  -.1541495E-02  -.9616582E-03  -.5996377E-03
  -.4380516E-03  -.3218160E-03  -.2633881E-03   .7913693E-05   .3276084E-03
   .9168305E-03   .1661785E-02   .2303111E-02   .2764671E-02   .3042595E-02
   .2924022E-02   .2365429E-02   .1997424E-02   .1967082E-02   .2049165E-02
   .2279555E-02   .2831726E-02   .3533535E-02   .3970419E-02   .3824114E-02
   .3313147E-02   .2622739E-02   .1913521E-02   .1653966E-02   .1489481E-02
   .1150282E-02   .8459486E-03   .8413924E-03   .1159808E-02   .1515677E-02
   .1657528E-02   .1602801E-02   .1502857E-02   .1813983E-02   .2313775E-02
   .2636405E-02   .2966125E-02   .3387454E-02   .3900181E-02   .4338079E-02
   .4490346E-02   .4159257E-02   .3379322E-02   .2319448E-02   .1464913E-02
   .8267639E-03   .1428421E-03   .7497069E-06   .3342303E-03   .8192877E-03
   .1169442E-02   .1331467E-02   .1379861E-02   .1384715E-02   .1485354E-02
   .1477397E-02   .1355841E-02   .1400223E-02   .2037093E-02   .2608195E-02
   .2583686E-02   .2599641E-02   .2895297E-02   .2982773E-02   .2784759E-02
   .2269246E-02   .1524263E-02   .7040175E-03   .2231560E-03   .2901624E-03
   .5789204E-03   .4990264E-03   .8170735E-04  -.5598562E-03  -.1208411E-02
  -.1791072E-02  -.2532286E-02  -.3128509E-02  -.3423384E-02  -.3592284E-02
  -.3527978E-02  -.3261800E-02  -.2814086E-02  -.2306871E-02  -.1992008E-02
  -.1985492E-02  -.2420577E-02  -.2905939E-02  -.3297766E-02  -.3539238E-02
  -.3360891E-02  -.2784316E-02  -.2024660E-02  -.1043743E-02  -.1741309E-03
   .4109650E-03   .7027521E-03   .7328061E-03   .5502917E-03  -.5420287E-04
  -.8418004E-03  -.1515264E-02  -.1784007E-02  -.1798330E-02  -.1779315E-02
  -.1629958E-02  -.2006613E-02  -.2514744E-02  -.2822789E-02  -.3014863E-02
  -.3143561E-02  -.2897800E-02  -.2241243E-02  -.1548979E-02  -.1094426E-02
  -.8831715E-03  -.3793726E-03   .1634416E-03   .4778720E-03   .5795169E-03
   .7886884E-03   .1155439E-02   .1535010E-02   .2000043E-02   .2373903E-02
   .2343466E-02   .1851692E-02   .1216442E-02   .5464059E-03  -.1168507E-03
  -.8455424E-03  -.1555182E-02  -.2227460E-02  -.2675358E-02  -.2398115E-02
  -.2154673E-02  -.2202554E-02  -.2113871E-02  -.1852773E-02  -.1658302E-02
  -.1409995E-02  -.9931273E-03  -.4101631E-03   .3353139E-03   .6980697E-03
   .8911658E-03   .1188708E-02   .9733770E-03   .5657158E-03   .1292975E-03
   .1412592E-04   .6719469E-04   .1463427E-03   .4381656E-03   .7160771E-03
   .6721166E-03   .6501810E-03   .4170093E-03   .1549621E-03  -.1682474E-04
  -.1002230E-03  -.1915489E-03  -.3731219E-03  -.6726863E-03  -.1283026E-02
  -.1753810E-02  -.2030400E-02  -.1824607E-02  -.1130274E-02  -.3129442E-03
   .7573317E-03   .1989991E-02   .2873599E-02   .3708649E-02   .4155902E-02
   .4010278E-02   .3425904E-02   .3056770E-02   .3267085E-02   .3783080E-02
   .4486839E-02   .4757782E-02   .4636267E-02   .4074745E-02   .2806650E-02
   .1543710E-02   .5628812E-03  -.1646597E-03  -.5256477E-03  -.6185444E-03
  -.8079590E-03  -.1165753E-02  -.1255500E-02  -.1273824E-02  -.1211657E-02
  -.7784179E-03  -.3233601E-03  -.1877672E-04   .3421153E-03   .5858469E-03
   .6956277E-03   .7570645E-03   .7629588E-03   .5983728E-03   .1662960E-03
  -.4993244E-04   .5839078E-04   .4664614E-04  -.2346727E-03  -.5503654E-03
  -.7609549E-03  -.1033917E-02  -.1347820E-02  -.1469675E-02  -.1655924E-02
  -.1967031E-02  -.2382101E-02  -.2780726E-02  -.3037707E-02  -.3114736E-02
  -.3064533E-02  -.2812134E-02  -.2445485E-02  -.2259874E-02  -.2349557E-02
  -.2708494E-02  -.3028717E-02  -.3121110E-02  -.2981674E-02  -.2729610E-02
  -.2258497E-02  -.1485125E-02  -.5129960E-03   .3227105E-03   .9097547E-03
   .1443152E-02   .1625679E-02   .1637625E-02   .1506573E-02   .1398675E-02
   .1540864E-02   .1954524E-02   .2328659E-02   .2561533E-02   .2834759E-02
   .2820060E-02   .2701738E-02   .2539070E-02   .2133890E-02   .1637239E-02
   .1521402E-02   .1167162E-02   .8621875E-03   .7932921E-03   .5776632E-03
   .3069647E-03   .6136443E-04  -.1282679E-03  -.3224434E-03  -.9506633E-03
  -.1650327E-02  -.2173069E-02  -.2555224E-02  -.2639479E-02  -.2376085E-02
  -.1661534E-02  -.7042046E-03   .2149826E-03   .1307142E-02   .2277606E-02
   .2699738E-02   .2858927E-02   .2570317E-02   .2086070E-02   .1595282E-02
   .9228102E-03   .2397767E-03  -.1348571E-04   .1688193E-03   .7609897E-03
   .1524982E-02   .2065815E-02   .2457564E-02   .2485420E-02   .2473676E-02
   .2294253E-02   .1988658E-02   .1741770E-02   .1481292E-02   .1404888E-02
   .1685495E-02   .1746228E-02   .1559498E-02   .1544369E-02   .1547016E-02
   .1565765E-02   .1496868E-02   .1481627E-02   .1627673E-02   .1615819E-02
   .1368911E-02   .9992542E-03   .5547334E-03   .1392174E-03  -.3824728E-03
  -.7784614E-03  -.9236714E-03  -.1018897E-02  -.9593366E-03  -.1098339E-02
  -.1364265E-02  -.1762212E-02  -.1732292E-02  -.1022747E-02  -.3352618E-03
   .1869272E-03   .4721447E-03   .5356056E-03   .6761440E-03   .9443544E-03
   .1060229E-02   .9093603E-03   .7907049E-03   .6261781E-03   .2669024E-03
  -.1240564E-03  -.3489641E-03  -.4158288E-03  -.3783612E-03  -.4590578E-03
  -.4641429E-03  -.4288367E-03  -.1846164E-03   .1427740E-03   .1688341E-03
  -.1477324E-03  -.3574593E-03  -.2905123E-03   .9438178E-05   .1785191E-03
   .2170650E-03  -.1395203E-03  -.7728341E-03  -.1169065E-02  -.1236739E-02
  -.1074723E-02  -.8522862E-03  -.4717922E-03   .1476157E-03   .4321371E-03
   .5674481E-03   .5352815E-03   .6091272E-03   .1675231E-03  -.5423285E-03
  -.9080734E-03  -.1115886E-02  -.9326729E-03  -.7109220E-03  -.8698039E-03
  -.1041125E-02  -.1168619E-02  -.1283102E-02  -.1307057E-02  -.1109178E-02
  -.7427066E-03  -.5652709E-03  -.5674145E-03  -.9403456E-03  -.1338925E-02
  -.1432247E-02  -.1651145E-02  -.1813103E-02  -.1790274E-02  -.1699917E-02
  -.1316583E-02  -.1057212E-02  -.1001983E-02  -.9642017E-03  -.9024256E-03
  -.7197424E-03  -.5343627E-03  -.4153678E-03  -.4723576E-03  -.6798340E-03
  -.8215632E-03  -.1044098E-02  -.1403830E-02  -.1486716E-02  -.1267407E-02
  -.1007089E-02  -.6570616E-03  -.3430317E-03  -.2926345E-03  -.2495487E-03
  -.3523641E-03  -.2190865E-03   .3182552E-03   .1085231E-02   .1653535E-02
   .2074829E-02   .2568492E-02   .2801802E-02   .2687723E-02   .2482907E-02
   .2427397E-02   .2150989E-02   .1729325E-02   .1685768E-02   .1575231E-02
   .1451270E-02   .1381816E-02   .1428827E-02   .1656197E-02   .1874019E-02
   .2115419E-02   .2416645E-02   .2571546E-02   .2682697E-02   .2592197E-02
   .2444681E-02   .2264748E-02   .1974527E-02   .1601811E-02   .1420651E-02
   .1365966E-02   .9887505E-03   .5691273E-03   .3340860E-03   .1145389E-03
   .4123940E-04   .3164068E-03   .6617064E-03   .8985186E-03   .1060473E-02
   .1298715E-02   .1480838E-02   .1549670E-02   .1545250E-02   .1445151E-02
   .1400439E-02   .1348559E-02   .1035123E-02   .5733043E-03   .1539035E-03
  -.1667517E-03  -.5573434E-03  -.5311751E-03  -.3785313E-03  -.4072372E-03
  -.5729402E-03  -.4899240E-03  -.4794619E-03  -.8337903E-03  -.1279297E-02
  -.1724354E-02  -.2004459E-02  -.1991661E-02  -.1749540E-02  -.1668339E-02
  -.1736944E-02  -.1717956E-02  -.1609431E-02  -.1535748E-02  -.1391118E-02
  -.9666035E-03  -.4618946E-03  -.4996093E-04   .3598442E-04  -.1336270E-03
  -.1434935E-03  -.2146196E-03  -.3829050E-03  -.5736680E-03  -.5357036E-03
  -.3191599E-03  -.7139092E-04   .2099246E-04   .1721282E-03   .2666347E-03
   .2388743E-03   .3995455E-03   .7839522E-03   .1048461E-02   .9973154E-03
   .9729977E-03   .1268634E-02   .1445772E-02   .1598210E-02   .1623283E-02
   .1425572E-02   .1032603E-02   .5028509E-03   .1276519E-03  -.2958157E-04
  -.1666394E-03  -.5243523E-03  -.9107474E-03  -.1134578E-02  -.1371737E-02
  -.1726863E-02  -.2009846E-02  -.2194688E-02  -.2110373E-02  -.1708353E-02
  -.1041568E-02  -.3622528E-03   .1366338E-03   .3972186E-03   .5624934E-03
   .3322304E-03  -.5451037E-04  -.3161602E-03  -.3420739E-03  -.7924610E-03
  -.1664150E-02  -.2016564E-02  -.2101728E-02  -.1935900E-02  -.1655563E-02
  -.1424349E-02  -.1084666E-02  -.6210345E-03  -.4175573E-03  -.4918712E-03
  -.5931551E-03  -.7425708E-03  -.6890367E-03  -.7047382E-03  -.7491606E-03
  -.8108529E-03  -.8789180E-03  -.1245440E-02  -.1686992E-02  -.1964910E-02
  -.1926450E-02  -.1621001E-02  -.1351875E-02  -.1140485E-02  -.9943580E-03
  -.8918446E-03  -.9084313E-03  -.1053826E-02  -.1166175E-02  -.1282904E-02
  -.1252372E-02  -.1332977E-02  -.1592731E-02  -.1826004E-02  -.2139382E-02
  -.2401981E-02  -.2528351E-02  -.2526297E-02  -.2459150E-02  -.2159097E-02
  -.1833897E-02  -.1679842E-02  -.1486803E-02  -.1791680E-02  -.2458652E-02
  -.3084507E-02  -.3705179E-02  -.3941361E-02  -.3910612E-02  -.3686266E-02
  -.3346858E-02  -.2914028E-02  -.2450805E-02  -.2007839E-02  -.1488578E-02
  -.1469381E-02  -.1943259E-02  -.2032598E-02  -.1648213E-02  -.1214461E-02
  -.7670781E-03  -.4282031E-03  -.5347499E-04   .3294425E-03   .4869602E-03
   .6318827E-03   .8493827E-03   .1135780E-02   .1396471E-02   .1643175E-02
   .1690670E-02   .1676643E-02   .1745488E-02   .1993965E-02   .2070189E-02
   .2093429E-02   .2260272E-02   .2391554E-02   .2418725E-02   .2143139E-02
   .1661778E-02   .1224937E-02   .1074620E-02   .9899498E-03   .7422596E-03
   .3339988E-03   .1813736E-04  -.1941053E-03  -.2979767E-03  -.2365656E-03
  -.2263851E-03  -.1730650E-03  -.8878155E-04   .9843605E-04   .4406062E-03
   .6934073E-03   .1207431E-02   .1823587E-02   .2215076E-02   .2459263E-02
   .2700094E-02   .2949100E-02   .3268349E-02   .3282413E-02   .3055305E-02
   .2816103E-02   .2477081E-02   .2100883E-02   .1641520E-02   .1196994E-02
   .6307246E-03  -.5133929E-04  -.5915126E-03  -.7936700E-03  -.9044385E-03
  -.8531119E-03  -.7922023E-03  -.8666863E-03  -.8811004E-03  -.1316126E-02
  -.1815702E-02  -.1837796E-02  -.1667554E-02  -.1695268E-02  -.1746973E-02
  -.1398004E-02  -.8468937E-03  -.4788194E-03  -.3729853E-03  -.1813117E-03
   .4958844E-05   .2328999E-03   .4788594E-03   .7421017E-03   .1110041E-02
   .1531527E-02   .1711450E-02   .1545089E-02   .1277573E-02   .9539431E-03
   .5884363E-03   .4498416E-03   .5250782E-03   .6119236E-03   .7736488E-03
   .1004273E-02   .1015701E-02   .9114609E-03   .6579698E-03   .4700745E-03
   .4540687E-03   .5835738E-03   .7540290E-03   .1070145E-02   .1369328E-02
   .1477034E-02   .1408683E-02   .1266772E-02   .1142089E-02   .1042048E-02
   .1010308E-02   .9430023E-03   .8704885E-03   .1007841E-02   .1068786E-02
   .8059216E-03   .3943416E-03  -.4716550E-06  -.3345172E-03  -.6218234E-03
  -.9083136E-03  -.1097936E-02  -.1131484E-02  -.1035468E-02  -.7835205E-03
  -.5179537E-03  -.4344712E-03  -.4626723E-03  -.5966463E-03  -.7739145E-03
  -.9110705E-03  -.8492513E-03  -.6797348E-03  -.8076231E-03  -.9654572E-03
  -.1075454E-02  -.1122630E-02  -.1102680E-02  -.1138075E-02  -.1246351E-02
  -.1433383E-02  -.1582859E-02  -.1713682E-02  -.1749741E-02  -.1735968E-02
  -.1572711E-02  -.1493038E-02  -.1630453E-02  -.1633896E-02  -.1623769E-02
  -.1787711E-02  -.1903312E-02  -.1921183E-02  -.1887027E-02  -.1592587E-02
  -.1350375E-02  -.1207600E-02  -.1235926E-02  -.1069053E-02  -.5839782E-03
  -.1222178E-03   .2815854E-03   .5016106E-03   .5727403E-03   .3934822E-03
   .1235038E-03   .8958734E-04   .2092956E-03   .3520333E-03   .4338167E-03
   .3615320E-03   .3104580E-03   .2812813E-03   .2064513E-03   .1467827E-03
  -.6801307E-04  -.2182619E-03  -.3234954E-03  -.4704209E-03  -.5501034E-03
  -.5548859E-03  -.4615045E-03  -.3684848E-03  -.2022605E-03  -.6004262E-04
   .2284628E-04   .1075330E-04   .6552513E-04   .1952373E-03   .2967695E-03
   .3658902E-03   .5020113E-03   .5792150E-03   .6989170E-03   .8318894E-03
   .8547346E-03   .8223751E-03   .7963497E-03   .8001309E-03   .8408735E-03
   .8408261E-03   .8488259E-03   .7821518E-03   .6692238E-03   .5811261E-03
   .4963154E-03   .4348567E-03   .4355834E-03   .4821139E-03   .4794867E-03
   .4698031E-03   .4820885E-03   .4711835E-03   .4442631E-03   .3976401E-03
   .3236351E-03   .2260881E-03   .1401489E-03   .6936358E-04   .9119851E-04
   .2346814E-03   .3297339E-03   .3020580E-03   .2296103E-03   .1526808E-03
   .6975209E-04  -.3956823E-04  -.9799435E-04  -.8821464E-04  -.5729177E-04
   .5355984E-04   .1449055E-03   .1972113E-03   .2149554E-03   .2302513E-03
   .2677670E-03   .3149151E-03   .3520801E-03   .3360732E-03   .2890188E-03
   .1961960E-03   .1206140E-03   .1125881E-03   .7254789E-04   .4682739E-04
   .2736362E-04   .5289802E-05  -.1382360E-04  -.5129158E-04  -.8986371E-04
  -.7596065E-04  -.5530126E-04  -.7128003E-04  -.6797788E-04  -.3473055E-04
   .2417120E-05   .3670945E-04   .6834232E-04   .1081145E-03   .1153827E-03
   .9871643E-04   .7271081E-04   .4896954E-04   .2001149E-04   .1307011E-04
   .5055849E-06  -.4427529E-06   .3276255E-04   .6214372E-04   .4867708E-04
   .2346613E-04   .1789066E-04   .1014860E-04   .1456968E-04   .4550352E-04
   .4011514E-04   .2454516E-04   .1977835E-04   .2061744E-04   .4214201E-04
   .6322354E-04   .7134510E-04   .7027094E-04   .5676418E-04   .4339665E-04
   .4362706E-04   .5590650E-04   .7849769E-04   .9622204E-04   .1041912E-03
   .1017949E-03   .1018286E-03   .1096945E-03   .1135267E-03   .1220389E-03
   .1346615E-03   .1470606E-03   .1525990E-03   .1543939E-03   .1579076E-03
   .1568059E-03   .1493110E-03   .1432949E-03   .1411940E-03   .1396350E-03
   .1347001E-03   .1293071E-03   .1269115E-03   .1246771E-03   .1217385E-03
   .1218377E-03   .1193066E-03   .1195795E-03   .1183687E-03   .1167705E-03
   .1125779E-03   .1054762E-03   .1008523E-03   .9763696E-04   .9040132E-04
   .8319567E-04   .7782412E-04   .7380155E-04   .6858053E-04   .6447589E-04
   .6311470E-04   .6151601E-04   .6004368E-04   .5889960E-04   .5681560E-04
   .5491989E-04   .5262800E-04   .5089982E-04   .4934825E-04   .4808500E-04
   .4711938E-04   .4660155E-04   .4593189E-04   .4530398E-04   .4499433E-04
   .4530317E-04   .4579771E-04   .4624272E-04   .4650391E-04   .4672396E-04
   .4680327E-04   .4714371E-04   .4721208E-04   .4727943E-04   .4750806E-04
   .4782104E-04   .4808627E-04   .4828012E-04   .4842041E-04   .4863698E-04
   .4883203E-04   .4901268E-04   .4913646E-04   .4921426E-04   .4919931E-04
   .4914540E-04   .4902290E-04   .4887938E-04   .4868534E-04   .4846472E-04
   .4821158E-04   .4793609E-04   .4762929E-04   .4729928E-04   .4693932E-04
   .4655401E-04   .4614009E-04   .4569949E-04   .4523102E-04   .4473538E-04
   .4421240E-04
