PEER STRONG MOTION DATABASE RECORD. PROCESSING BY PACIFIC ENGINEERING.
KOBE 01/16/95 2046, TAKARAZU, 000 (CUE)
ACCELERATION TIME HISTORY IN UNITS OF G. FILTER POINTS: HP=unknown LP=40.0 Hz
NPTS=  4096, DT= .01000 SEC
  -.6809337E-03  -.6789290E-03  -.6761246E-03  -.6706970E-03  -.6626505E-03
  -.6561677E-03  -.6554756E-03  -.6582747E-03  -.6563466E-03  -.6491205E-03
  -.6485731E-03  -.6733579E-03  -.7275706E-03  -.7673300E-03  -.7385228E-03
  -.6295527E-03  -.4838261E-03  -.3878113E-03  -.4132502E-03  -.5704150E-03
  -.7837497E-03  -.9338539E-03  -.9255142E-03  -.7747407E-03  -.5988427E-03
  -.5433365E-03  -.6748581E-03  -.9302773E-03  -.1176396E-02  -.1273186E-02
  -.1129986E-02  -.7520050E-03  -.3141437E-03  -.3989466E-04  -.7273105E-04
  -.3923892E-03  -.7225730E-03  -.7711941E-03  -.5068179E-03  -.1629968E-03
  -.3315775E-05  -.6290296E-05  -.1152334E-03  -.3166405E-03  -.6180889E-03
  -.1018334E-02  -.1287890E-02  -.1151819E-02  -.6975038E-03  -.5233066E-03
  -.1045539E-02  -.1961329E-02  -.2546193E-02  -.2191156E-02  -.8147678E-03
   .1208449E-02   .3122443E-02   .4090873E-02   .3609491E-02   .1931104E-02
   .9723977E-04  -.8267900E-03  -.4960154E-03   .2007286E-03   .5137262E-04
  -.1355695E-02  -.3184106E-02  -.4215997E-02  -.3837642E-02  -.2448626E-02
  -.8984136E-03   .2216694E-04   .3887652E-03   .8512091E-03   .1719490E-02
   .2854900E-02   .3538202E-02   .2957601E-02   .8114151E-03  -.2399798E-02
  -.5420574E-02  -.6696384E-02  -.5690566E-02  -.3202616E-02  -.8682216E-03
   .4612339E-04  -.9457095E-03  -.3360911E-02  -.5597357E-02  -.6525858E-02
  -.6011794E-02  -.4559693E-02  -.3547617E-02  -.3825550E-02  -.4955915E-02
  -.5807204E-02  -.4726937E-02  -.1820171E-02   .1360777E-02   .3259407E-02
   .3017974E-02   .1026393E-02  -.1223652E-02  -.2050387E-02  -.5977517E-03
   .2520858E-02   .5497808E-02   .6484089E-02   .4917062E-02   .1981270E-02
  -.6606127E-03  -.1853803E-02  -.1791151E-02  -.1496657E-02  -.1439611E-02
  -.1922697E-02  -.2768610E-02  -.3584899E-02  -.3717272E-02  -.2351596E-02
   .5706817E-03   .3609962E-02   .5507309E-02   .5872258E-02   .5366245E-02
   .4742319E-02   .4142839E-02   .3652129E-02   .3277604E-02   .3520461E-02
   .4801822E-02   .6155662E-02   .5745993E-02   .1646733E-02  -.6339992E-02
  -.1573707E-01  -.2300640E-01  -.2567749E-01  -.2409490E-01  -.1992666E-01
  -.1528808E-01  -.1137419E-01  -.6828870E-02  -.4160645E-03   .7359555E-02
   .1504589E-01   .2100556E-01   .2344471E-01   .2126686E-01   .1525420E-01
   .7616258E-02   .2465565E-03  -.4923044E-02  -.7535064E-02  -.9977023E-02
  -.1375628E-01  -.1741807E-01  -.1727696E-01  -.1126320E-01  -.5186257E-03
   .1199580E-01   .2268243E-01   .2824379E-01   .2803788E-01   .2491178E-01
   .2227508E-01   .2197985E-01   .2319370E-01   .2239912E-01   .1634329E-01
   .4908504E-02  -.8440753E-02  -.1813984E-01  -.2017270E-01  -.1481714E-01
  -.5789440E-02   .2471588E-02   .6774699E-02   .6802926E-02   .4295885E-02
   .6381081E-03  -.2554141E-02  -.4386494E-02  -.5000800E-02  -.4194387E-02
  -.2407052E-02  -.6538801E-03   .2576008E-03  -.7781868E-03  -.4293066E-02
  -.9568138E-02  -.1498133E-01  -.1789602E-01  -.1656162E-01  -.1082605E-01
  -.2793436E-02   .4363713E-02   .8094105E-02   .6822769E-02   .1742756E-02
  -.4157329E-02  -.8457411E-02  -.9306435E-02  -.7605641E-02  -.5489817E-02
  -.5230978E-02  -.8735469E-02  -.1518372E-01  -.1977836E-01  -.1750435E-01
  -.7753824E-02   .4736598E-02   .1310312E-01   .1373473E-01   .8164457E-02
   .1418884E-02  -.1298050E-02   .1473894E-02   .4694619E-02   .2121483E-02
  -.8405299E-02  -.2382029E-01  -.3692048E-01  -.4195218E-01  -.3789191E-01
  -.2764807E-01  -.1675495E-01  -.9886205E-02  -.7717975E-02  -.8306534E-02
  -.9604303E-02  -.9884944E-02  -.8099783E-02  -.3697922E-02   .2951188E-02
   .1023301E-01   .1593624E-01   .1813494E-01   .1590861E-01   .9154774E-02
  -.1172488E-02  -.1127414E-01  -.1598308E-01  -.1261402E-01  -.4354562E-02
   .2664997E-02   .4706317E-02   .1411647E-02  -.4227264E-02  -.6960675E-02
  -.3854101E-02   .4365698E-02   .1409356E-01   .2019072E-01   .1906941E-01
   .1204727E-01   .3016089E-02  -.4293021E-02  -.8594130E-02  -.1154584E-01
  -.1415034E-01  -.1474180E-01  -.1082846E-01  -.6535198E-03   .1456816E-01
   .3038675E-01   .4227858E-01   .4852959E-01   .4950210E-01   .4681519E-01
   .4160604E-01   .3367862E-01   .2228450E-01   .8456212E-02  -.4400136E-02
  -.1280840E-01  -.1687851E-01  -.1827241E-01  -.1791799E-01  -.1494909E-01
  -.7650115E-02   .3623468E-02   .1281953E-01   .1073765E-01  -.6471107E-02
  -.3477598E-01  -.6330324E-01  -.7899241E-01  -.7610678E-01  -.5858656E-01
  -.3600858E-01  -.1696894E-01  -.6693516E-02  -.5662099E-02  -.8514316E-02
  -.8152989E-02  -.1190707E-02   .1068416E-01   .2271231E-01   .3181541E-01
   .3698228E-01   .3807340E-01   .3659584E-01   .3383914E-01   .3002485E-01
   .2322863E-01   .9849348E-02  -.1061089E-01  -.3312306E-01  -.5126996E-01
  -.6034425E-01  -.5676586E-01  -.4280513E-01  -.2697604E-01  -.1769986E-01
  -.1869780E-01  -.2587552E-01  -.2981404E-01  -.2414083E-01  -.1030268E-01
   .2968848E-02   .8350239E-02   .4050493E-02  -.4325398E-02  -.7441450E-02
  -.2674471E-02   .7672261E-02   .1979070E-01   .2853233E-01   .2993127E-01
   .2352842E-01   .1142667E-01  -.2903507E-02  -.1486876E-01  -.2225786E-01
  -.2663682E-01  -.3069002E-01  -.3463063E-01  -.3707353E-01  -.3620422E-01
  -.3032055E-01  -.2014656E-01  -.9960670E-02  -.5569806E-02  -.9285491E-02
  -.1717226E-01  -.2211654E-01  -.1985347E-01  -.1118242E-01   .7693187E-03
   .1154119E-01   .1964322E-01   .2717055E-01   .3584805E-01   .4606923E-01
   .5775074E-01   .7052479E-01   .8258475E-01   .9182060E-01   .9662988E-01
   .9630105E-01   .9195308E-01   .8555853E-01   .8050512E-01   .7927114E-01
   .8201825E-01   .8740003E-01   .9397771E-01   .1001517E+00   .1048428E+00
   .1076535E+00   .1088486E+00   .1085623E+00   .1070934E+00   .1037245E+00
   .9844069E-01   .9251644E-01   .8712369E-01   .8231212E-01   .7750321E-01
   .7212962E-01   .6509384E-01   .5437221E-01   .3905733E-01   .1942733E-01
  -.3296307E-02  -.2636832E-01  -.4626911E-01  -.6102208E-01  -.7101517E-01
  -.7799191E-01  -.8366140E-01  -.8950341E-01  -.9766092E-01  -.1093218E+00
  -.1227994E+00  -.1353489E+00  -.1448291E+00  -.1484184E+00  -.1435444E+00
  -.1317246E+00  -.1165287E+00  -.1004056E+00  -.8579938E-01  -.7596579E-01
  -.7218947E-01  -.7239499E-01  -.7246807E-01  -.6693268E-01  -.5125418E-01
  -.2590344E-01   .4974821E-02   .3551684E-01   .5980439E-01   .7507920E-01
   .8251427E-01   .8694076E-01   .9531283E-01   .1134228E+00   .1425184E+00
   .1782958E+00   .2134016E+00   .2420715E+00   .2607539E+00   .2680023E+00
   .2654464E+00   .2568520E+00   .2464750E+00   .2371832E+00   .2312336E+00
   .2299469E+00   .2313309E+00   .2330719E+00   .2345310E+00   .2346169E+00
   .2327486E+00   .2293660E+00   .2214878E+00   .2060259E+00   .1821318E+00
   .1494176E+00   .1100730E+00   .6781473E-01   .2679958E-01  -.1000920E-01
  -.4092314E-01  -.6771406E-01  -.9431157E-01  -.1259946E+00  -.1669984E+00
  -.2184121E+00  -.2786219E+00  -.3455999E+00  -.4173881E+00  -.4883012E+00
  -.5496993E+00  -.5947127E+00  -.6212283E+00  -.6274881E+00  -.6131463E+00
  -.5835490E+00  -.5449199E+00  -.5068511E+00  -.4739682E+00  -.4413185E+00
  -.4063361E+00  -.3713924E+00  -.3403844E+00  -.3148450E+00  -.2915429E+00
  -.2670822E+00  -.2389940E+00  -.2053959E+00  -.1642336E+00  -.1134031E+00
  -.5335728E-01   .1129409E-01   .7164919E-01   .1154683E+00   .1346589E+00
   .1271751E+00   .9475104E-01   .4642262E-01  -.1866212E-02  -.3179205E-01
  -.3161871E-01  -.1402187E-03   .5439266E-01   .1186855E+00   .1810664E+00
   .2333653E+00   .2693799E+00   .2882951E+00   .2945961E+00   .2959603E+00
   .2997476E+00   .3104766E+00   .3266036E+00   .3442295E+00   .3596108E+00
   .3659011E+00   .3580141E+00   .3364724E+00   .3045491E+00   .2639350E+00
   .2180172E+00   .1724623E+00   .1333506E+00   .1069024E+00   .9704853E-01
   .1036220E+00   .1226281E+00   .1472866E+00   .1707834E+00   .1900923E+00
   .2033994E+00   .2094890E+00   .2101895E+00   .2077474E+00   .2043802E+00
   .2036320E+00   .2071358E+00   .2131408E+00   .2191569E+00   .2225313E+00
   .2210402E+00   .2117052E+00   .1921031E+00   .1642733E+00   .1349147E+00
   .1143652E+00   .1084178E+00   .1182263E+00   .1383836E+00   .1591629E+00
   .1750304E+00   .1816252E+00   .1739198E+00   .1507518E+00   .1164689E+00
   .7935653E-01   .4928440E-01   .2907744E-01   .1394717E-01  -.4626597E-02
  -.3051147E-01  -.5926364E-01  -.8507489E-01  -.1053571E+00  -.1196426E+00
  -.1313119E+00  -.1480635E+00  -.1739341E+00  -.2076482E+00  -.2462479E+00
  -.2844857E+00  -.3175628E+00  -.3426394E+00  -.3560642E+00  -.3553991E+00
  -.3399402E+00  -.3083127E+00  -.2590804E+00  -.1952593E+00  -.1308290E+00
  -.7554539E-01  -.2464000E-01   .1799360E-01   .4173919E-01   .4346205E-01
   .2462576E-01  -.7929380E-02  -.3807303E-01  -.5041684E-01  -.4249214E-01
  -.1935000E-01   .1132862E-01   .4508989E-01   .8042676E-01   .1141840E+00
   .1371840E+00   .1405656E+00   .1222199E+00   .8902778E-01   .4967715E-01
   .1364083E-01  -.1204389E-01  -.1929081E-01  -.8256194E-02   .1159558E-01
   .2780309E-01   .2298406E-01  -.1102110E-01  -.6514766E-01  -.1250444E+00
  -.1843371E+00  -.2461273E+00  -.3205926E+00  -.4224049E+00  -.5423159E+00
  -.6431445E+00  -.6934425E+00  -.6890443E+00  -.6359669E+00  -.5452803E+00
  -.4400308E+00  -.3489494E+00  -.2893422E+00  -.2576414E+00  -.2351767E+00
  -.2059374E+00  -.1594839E+00  -.8856630E-01   .3393846E-02   .9954518E-01
   .1864744E+00   .2528987E+00   .2945888E+00   .3141305E+00   .3092555E+00
   .2754370E+00   .2148610E+00   .1349911E+00   .4443891E-01  -.5856309E-01
  -.1587213E+00  -.2136204E+00  -.1895453E+00  -.8906441E-01   .2896170E-01
   .1039638E+00   .1362334E+00   .1506313E+00   .1618008E+00   .1771154E+00
   .1879922E+00   .1810353E+00   .1469661E+00   .8437012E-01  -.2215574E-02
  -.1011913E+00  -.1992667E+00  -.2818095E+00  -.3460476E+00  -.3929416E+00
  -.4195884E+00  -.4302049E+00  -.4350400E+00  -.4422960E+00  -.4456640E+00
  -.4303741E+00  -.3990825E+00  -.3583465E+00  -.3081042E+00  -.2447933E+00
  -.1623048E+00  -.5910656E-01   .5254369E-01   .1504484E+00   .2149046E+00
   .2402369E+00   .2323387E+00   .2006605E+00   .1532739E+00   .9705742E-01
   .3830735E-01  -.1583203E-01  -.5819784E-01  -.8036971E-01  -.7558447E-01
  -.4274438E-01   .7607337E-02   .6114871E-01   .1061345E+00   .1379791E+00
   .1607514E+00   .1756095E+00   .1839636E+00   .1912647E+00   .2022146E+00
   .2154949E+00   .2243938E+00   .2271247E+00   .2249489E+00   .2185385E+00
   .2095424E+00   .1991241E+00   .1891642E+00   .1814497E+00   .1760871E+00
   .1735849E+00   .1736038E+00   .1740040E+00   .1719205E+00   .1657080E+00
   .1549706E+00   .1406729E+00   .1256608E+00   .1136807E+00   .1078102E+00
   .1085523E+00   .1140511E+00   .1206494E+00   .1254000E+00   .1259373E+00
   .1208202E+00   .1111911E+00   .9904229E-01   .8708666E-01   .7857390E-01
   .7558799E-01   .7831043E-01   .8443294E-01   .9116084E-01   .9688537E-01
   .1004712E+00   .1024218E+00   .1034627E+00   .1046931E+00   .1072122E+00
   .1110186E+00   .1149917E+00   .1185931E+00   .1210711E+00   .1227215E+00
   .1237212E+00   .1240146E+00   .1231685E+00   .1206803E+00   .1158775E+00
   .1077692E+00   .9591639E-01   .8129698E-01   .6471572E-01   .4747970E-01
   .3151194E-01   .1805917E-01   .7913824E-02   .2082722E-02  -.9743029E-03
  -.2142576E-02  -.2198446E-02  -.1921239E-02  -.1751544E-02  -.2684970E-02
  -.5381763E-02  -.1063207E-01  -.1885151E-01  -.2990031E-01  -.4394498E-01
  -.6094960E-01  -.7993900E-01  -.9868517E-01  -.1149665E+00  -.1272251E+00
  -.1333686E+00  -.1319958E+00  -.1233056E+00  -.1081278E+00  -.8921760E-01
  -.6897054E-01  -.4918798E-01  -.3153123E-01  -.1640754E-01  -.4215204E-02
   .5907310E-02   .1588621E-01   .2520796E-01   .3035768E-01   .3047788E-01
   .2563424E-01   .1420217E-01  -.4505404E-02  -.2900170E-01  -.5487860E-01
  -.7803761E-01  -.9604274E-01  -.1080241E+00  -.1134886E+00  -.1133075E+00
  -.1092506E+00  -.1040917E+00  -.1000688E+00  -.9817985E-01  -.9764154E-01
  -.9646921E-01  -.9468116E-01  -.9305110E-01  -.9176751E-01  -.9121899E-01
  -.9154879E-01  -.9302864E-01  -.9531443E-01  -.9766948E-01  -.1001090E+00
  -.1023390E+00  -.1046848E+00  -.1080735E+00  -.1119558E+00  -.1155149E+00
  -.1177794E+00  -.1180249E+00  -.1162654E+00  -.1134575E+00  -.1103937E+00
  -.1073607E+00  -.1041644E+00  -.9992082E-01  -.9326947E-01  -.8283516E-01
  -.6757315E-01  -.4846862E-01  -.2843753E-01  -.1041030E-01   .4517366E-02
   .1594814E-01   .2414200E-01   .2963357E-01   .3213515E-01   .3315246E-01
   .3532489E-01   .3975264E-01   .4585179E-01   .5169659E-01   .5579673E-01
   .5760100E-01   .5769840E-01   .5720200E-01   .5720369E-01   .5801753E-01
   .5987372E-01   .6158167E-01   .6155480E-01   .5898522E-01   .5411983E-01
   .4720535E-01   .3873297E-01   .2962655E-01   .2175706E-01   .1701769E-01
   .1590676E-01   .1790443E-01   .2163398E-01   .2604933E-01   .3083540E-01
   .3636716E-01   .4367013E-01   .5253694E-01   .6186797E-01   .7007541E-01
   .7619572E-01   .8029729E-01   .8113313E-01   .7774874E-01   .7125900E-01
   .6382840E-01   .5733349E-01   .5402604E-01   .5594806E-01   .6335700E-01
   .7537725E-01   .9026506E-01   .1056525E+00   .1199310E+00   .1312067E+00
   .1376253E+00   .1394798E+00   .1377284E+00   .1313775E+00   .1202321E+00
   .1070914E+00   .9487450E-01   .8550536E-01   .8086110E-01   .8215000E-01
   .8811544E-01   .9561874E-01   .1014189E+00   .1028375E+00   .9967159E-01
   .9304817E-01   .8497574E-01   .7844163E-01   .7500527E-01   .7481413E-01
   .7631664E-01   .7698276E-01   .7437453E-01   .6684908E-01   .5363653E-01
   .3577307E-01   .1591052E-01  -.3427361E-02  -.1987226E-01  -.3222806E-01
  -.3961605E-01  -.4142490E-01  -.3930494E-01  -.3500573E-01  -.3053659E-01
  -.2724624E-01  -.2666232E-01  -.2906713E-01  -.3442255E-01  -.4196630E-01
  -.5036365E-01  -.5842227E-01  -.6509756E-01  -.7007713E-01  -.7319375E-01
  -.7503824E-01  -.7678800E-01  -.7864186E-01  -.8093946E-01  -.8406880E-01
  -.8768476E-01  -.9165392E-01  -.9593551E-01  -.9971116E-01  -.1019985E+00
  -.1025063E+00  -.1016230E+00  -.9986222E-01  -.9708688E-01  -.9327849E-01
  -.8865736E-01  -.8361723E-01  -.7816737E-01  -.7115805E-01  -.6217935E-01
  -.5140881E-01  -.4034922E-01  -.2997927E-01  -.2100167E-01  -.1450643E-01
  -.1139994E-01  -.1155053E-01  -.1395704E-01  -.1699957E-01  -.1883327E-01
  -.1886454E-01  -.1808661E-01  -.1733028E-01  -.1731978E-01  -.1884360E-01
  -.2181166E-01  -.2547395E-01  -.2852179E-01  -.2929195E-01  -.2732523E-01
  -.2348865E-01  -.1867965E-01  -.1373465E-01  -.1025510E-01  -.8648928E-02
  -.8577656E-02  -.9378820E-02  -.1026138E-01  -.1014264E-01  -.8035030E-02
  -.4421819E-02  -.5054727E-03   .2972578E-02   .4816309E-02   .4077998E-02
   .2799155E-03  -.5745170E-02  -.1261392E-01  -.1908137E-01  -.2394349E-01
  -.2688189E-01  -.2819785E-01  -.2880589E-01  -.3007279E-01  -.3270007E-01
  -.3629043E-01  -.4087438E-01  -.4619312E-01  -.5119226E-01  -.5551382E-01
  -.5820889E-01  -.5847194E-01  -.5603828E-01  -.5153505E-01  -.4599521E-01
  -.4033159E-01  -.3490875E-01  -.3014926E-01  -.2548104E-01  -.1971481E-01
  -.1233990E-01  -.3580506E-02   .6040449E-02   .1576422E-01   .2492626E-01
   .3249216E-01   .3752892E-01   .4052549E-01   .4129396E-01   .4053152E-01
   .3893641E-01   .3749282E-01   .3711766E-01   .3871854E-01   .4255248E-01
   .4765485E-01   .5298847E-01   .5742651E-01   .6041098E-01   .6186030E-01
   .6183560E-01   .5967713E-01   .5576834E-01   .5041351E-01   .4385543E-01
   .3719034E-01   .3163129E-01   .2783511E-01   .2613227E-01   .2611252E-01
   .2681473E-01   .2774633E-01   .2874089E-01   .2919774E-01   .2888071E-01
   .2781185E-01   .2537137E-01   .2142949E-01   .1618149E-01   .1000882E-01
   .3513129E-02  -.2431047E-02  -.7425291E-02  -.1159661E-01  -.1526433E-01
  -.1877197E-01  -.2242039E-01  -.2627905E-01  -.2970387E-01  -.3156528E-01
  -.3161846E-01  -.2964761E-01  -.2617165E-01  -.2235452E-01  -.1868176E-01
  -.1508986E-01  -.1111387E-01  -.6278589E-02   .4218064E-03   .9895279E-02
   .2130832E-01   .3323042E-01   .4447724E-01   .5296598E-01   .5738566E-01
   .5749446E-01   .5445069E-01   .4977085E-01   .4483622E-01   .4100368E-01
   .3934692E-01   .4073481E-01   .4491808E-01   .5065532E-01   .5637363E-01
   .6029316E-01   .6124491E-01   .5900563E-01   .5447445E-01   .4889394E-01
   .4290801E-01   .3748676E-01   .3405214E-01   .3308998E-01   .3439472E-01
   .3659637E-01   .3819833E-01   .3790819E-01   .3457279E-01   .2756375E-01
   .1748591E-01   .6422631E-02  -.3300581E-02  -.9898393E-02  -.1284644E-01
  -.1309102E-01  -.1212208E-01  -.1162349E-01  -.1315866E-01  -.1744228E-01
  -.2429623E-01  -.3304663E-01  -.4233470E-01  -.5059862E-01  -.5721579E-01
  -.6142769E-01  -.6208840E-01  -.5820754E-01  -.4967332E-01  -.3687833E-01
  -.2138469E-01  -.5889936E-02   .6565192E-02   .1366023E-01   .1484537E-01
   .1091089E-01   .3784781E-02  -.3029626E-02  -.6637344E-02  -.5624396E-02
   .4958235E-03   .1025639E-01   .2034486E-01   .2759951E-01   .2930885E-01
   .2514152E-01   .1691185E-01   .6376905E-02  -.3873709E-02  -.1174425E-01
  -.1608323E-01  -.1685166E-01  -.1554904E-01  -.1434525E-01  -.1537260E-01
  -.1937721E-01  -.2593956E-01  -.3387685E-01  -.4150311E-01  -.4681793E-01
  -.4859159E-01  -.4734031E-01  -.4442528E-01  -.4187090E-01  -.4203706E-01
  -.4542544E-01  -.5170624E-01  -.5944553E-01  -.6614730E-01  -.6989786E-01
  -.7011581E-01  -.6746537E-01  -.6275078E-01  -.5795620E-01  -.5442871E-01
  -.5230237E-01  -.5093331E-01  -.4959802E-01  -.4766327E-01  -.4458328E-01
  -.4080376E-01  -.3687866E-01  -.3321485E-01  -.3049865E-01  -.2848156E-01
  -.2695927E-01  -.2588055E-01  -.2471015E-01  -.2233692E-01  -.1843614E-01
  -.1302971E-01  -.6823659E-02  -.1273592E-02   .2265890E-02   .3264020E-02
   .1952714E-02  -.6228144E-03  -.2842969E-02  -.3237554E-02  -.1007859E-02
   .3874955E-02   .1085952E-01   .1891619E-01   .2670162E-01   .3277697E-01
   .3617035E-01   .3721391E-01   .3559161E-01   .3128153E-01   .2517542E-01
   .1881080E-01   .1367147E-01   .1017134E-01   .8741728E-02   .9010037E-02
   .9432563E-02   .8332374E-02   .3789826E-02  -.4274603E-02  -.1409150E-01
  -.2366861E-01  -.3070410E-01  -.3451733E-01  -.3554217E-01  -.3465571E-01
  -.3374595E-01  -.3443867E-01  -.3751273E-01  -.4239530E-01  -.4790531E-01
  -.5166113E-01  -.5131175E-01  -.4617105E-01  -.3677691E-01  -.2464810E-01
  -.1234623E-01  -.2094171E-02   .4561146E-02   .6425641E-02   .3590330E-02
  -.2725911E-02  -.1169385E-01  -.2022896E-01  -.2473969E-01  -.2333198E-01
  -.1534993E-01  -.1342403E-02   .1581624E-01   .3400190E-01   .5206086E-01
   .6872516E-01   .8231981E-01   .9139142E-01   .9585088E-01   .9570397E-01
   .9146919E-01   .8386958E-01   .7399333E-01   .6336598E-01   .5357230E-01
   .4673176E-01   .4313947E-01   .4225324E-01   .4432137E-01   .4863850E-01
   .5388988E-01   .5884442E-01   .6198698E-01   .6173023E-01   .5675047E-01
   .4703321E-01   .3424241E-01   .1973627E-01   .5122438E-02  -.7872845E-02
  -.1794378E-01  -.2485935E-01  -.2845017E-01  -.2931863E-01  -.2869592E-01
  -.2750880E-01  -.2660601E-01  -.2603708E-01  -.2583158E-01  -.2511023E-01
  -.2279857E-01  -.1836066E-01  -.1245007E-01  -.5657924E-02   .1972184E-02
   .9017720E-02   .1397611E-01   .1515349E-01   .1204249E-01   .5626232E-02
  -.2043800E-02  -.8639768E-02  -.1235980E-01  -.1240391E-01  -.9046770E-02
  -.3731578E-02   .1746708E-02   .5869558E-02   .8591797E-02   .1045061E-01
   .1213266E-01   .1485376E-01   .1922478E-01   .2455696E-01   .2981973E-01
   .3394324E-01   .3454225E-01   .3072796E-01   .2310292E-01   .1354675E-01
   .3872343E-02  -.4106124E-02  -.8501816E-02  -.8413153E-02  -.5133613E-02
  -.5455846E-03   .3594197E-02   .5562921E-02   .5281486E-02   .3493864E-02
   .1409625E-02   .1019566E-04   .1022682E-03   .1607423E-02   .3444645E-02
   .4228319E-02   .3990019E-02   .2947194E-02   .1875366E-02   .1603334E-02
   .2251151E-02   .3713173E-02   .5412003E-02   .6832374E-02   .7570964E-02
   .7226958E-02   .6084885E-02   .4251716E-02   .2622502E-02   .1702962E-02
   .1357053E-02   .1658499E-02   .2349044E-02   .3096470E-02   .3754690E-02
   .5334024E-02   .8402525E-02   .1296549E-01   .1857190E-01   .2526409E-01
   .3220459E-01   .3758727E-01   .4015755E-01   .3924130E-01   .3507871E-01
   .2896993E-01   .2358943E-01   .2122471E-01   .2198382E-01   .2558477E-01
   .3074235E-01   .3494455E-01   .3615830E-01   .3336505E-01   .2709217E-01
   .1863557E-01   .9540442E-02   .1267790E-02  -.5467648E-02  -.1056754E-01
  -.1424695E-01  -.1731868E-01  -.1990773E-01  -.2173393E-01  -.2256933E-01
  -.2278724E-01  -.2254099E-01  -.2217115E-01  -.2261729E-01  -.2425683E-01
  -.2684786E-01  -.2977018E-01  -.3220148E-01  -.3282202E-01  -.3124153E-01
  -.2796340E-01  -.2375987E-01  -.1995771E-01  -.1748406E-01  -.1653493E-01
  -.1648214E-01  -.1581648E-01  -.1373477E-01  -.9925090E-02  -.5394951E-02
  -.2452247E-02  -.2648734E-02  -.6223753E-02  -.1226885E-01  -.1898235E-01
  -.2374088E-01  -.2560362E-01  -.2448916E-01  -.2069506E-01  -.1582783E-01
  -.1220602E-01  -.1036105E-01  -.9860955E-02  -.9573489E-02  -.8406335E-02
  -.5614784E-02  -.8811827E-03   .4328033E-02   .8580276E-02   .1065982E-01
   .1091098E-01   .1087136E-01   .1206099E-01   .1482056E-01   .1881208E-01
   .2228479E-01   .2311470E-01   .2003800E-01   .1286724E-01   .2499172E-02
  -.9269192E-02  -.2030572E-01  -.2925181E-01  -.3540138E-01  -.3900702E-01
  -.4118739E-01  -.4268768E-01  -.4391617E-01  -.4514686E-01  -.4536491E-01
  -.4421522E-01  -.4229550E-01  -.4017849E-01  -.3789588E-01  -.3581430E-01
  -.3361673E-01  -.3051455E-01  -.2640334E-01  -.2143065E-01  -.1606474E-01
  -.1076235E-01  -.6435976E-02  -.3362478E-02  -.1426833E-02  -.4960742E-03
   .8185322E-04   .1439945E-02   .4273584E-02   .8898294E-02   .1537942E-01
   .2275365E-01   .2911491E-01   .3319821E-01   .3386873E-01   .3106356E-01
   .2596025E-01   .2035654E-01   .1650937E-01   .1550383E-01   .1775562E-01
   .2247811E-01   .2689726E-01   .2890655E-01   .2715336E-01   .2170776E-01
   .1430391E-01   .7752025E-02   .4461208E-02   .5227564E-02   .9362685E-02
   .1508274E-01   .1912544E-01   .1869841E-01   .1252462E-01   .1215393E-02
  -.1218866E-01  -.2424349E-01  -.3174518E-01  -.3333010E-01  -.3018455E-01
  -.2479638E-01  -.1988398E-01  -.1763995E-01  -.1922318E-01  -.2426612E-01
  -.3109239E-01  -.3835587E-01  -.4507374E-01  -.5106846E-01  -.5561080E-01
  -.5826935E-01  -.5948635E-01  -.5904204E-01  -.5695133E-01  -.5361160E-01
  -.4975836E-01  -.4615265E-01  -.4354013E-01  -.4216252E-01  -.4164863E-01
  -.4169484E-01  -.4140340E-01  -.4022499E-01  -.3777289E-01  -.3412296E-01
  -.2955665E-01  -.2464327E-01  -.2086784E-01  -.1865141E-01  -.1772829E-01
  -.1747684E-01  -.1712392E-01  -.1597156E-01  -.1310477E-01  -.8706398E-02
  -.3894748E-02   .8514861E-03   .4643016E-02   .6753566E-02   .7310155E-02
   .7003484E-02   .6780759E-02   .8365873E-02   .1252646E-01   .1877570E-01
   .2612117E-01   .3363152E-01   .4021862E-01   .4529168E-01   .4817134E-01
   .4831799E-01   .4581975E-01   .4106951E-01   .3498922E-01   .2863548E-01
   .2325072E-01   .1998456E-01   .1929260E-01   .2087378E-01   .2355210E-01
   .2612216E-01   .2796448E-01   .2865419E-01   .2865016E-01   .2889005E-01
   .3059201E-01   .3430628E-01   .3888958E-01   .4297290E-01   .4519766E-01
   .4463144E-01   .4085812E-01   .3472266E-01   .2843202E-01   .2402848E-01
   .2262345E-01   .2406872E-01   .2673120E-01   .2843757E-01   .2843136E-01
   .2747264E-01   .2648607E-01   .2653534E-01   .2853127E-01   .3244834E-01
   .3686018E-01   .4043129E-01   .4186969E-01   .4050173E-01   .3729693E-01
   .3350945E-01   .2978957E-01   .2619800E-01   .2268941E-01   .1894316E-01
   .1501245E-01   .1157014E-01   .1005049E-01   .1146368E-01   .1507551E-01
   .1933583E-01   .2243601E-01   .2302751E-01   .1995683E-01   .1366057E-01
   .5902032E-02  -.1213283E-02  -.5716608E-02  -.7243752E-02  -.7364483E-02
  -.7509058E-02  -.9405499E-02  -.1386470E-01  -.2042003E-01  -.2786360E-01
  -.3425356E-01  -.3763770E-01  -.3745529E-01  -.3416654E-01  -.2907437E-01
  -.2368797E-01  -.1942928E-01  -.1686532E-01  -.1576698E-01  -.1587530E-01
  -.1667806E-01  -.1787327E-01  -.1905108E-01  -.2041078E-01  -.2161866E-01
  -.2181864E-01  -.2082004E-01  -.1843739E-01  -.1452765E-01  -.9460242E-02
  -.4189018E-02   .3306897E-03   .3316604E-02   .4104805E-02   .2862574E-02
   .3884852E-03  -.2874378E-02  -.5873433E-02  -.7460250E-02  -.7014332E-02
  -.5119448E-02  -.2868360E-02  -.1326742E-02  -.1478170E-02  -.3649664E-02
  -.7755614E-02  -.1272202E-01  -.1655468E-01  -.1745891E-01  -.1595169E-01
  -.1344015E-01  -.1155802E-01  -.1196784E-01  -.1535364E-01  -.2112486E-01
  -.2780612E-01  -.3337783E-01  -.3598163E-01  -.3492431E-01  -.3133999E-01
  -.2747236E-01  -.2465056E-01  -.2427393E-01  -.2690364E-01  -.3145960E-01
  -.3567965E-01  -.3773313E-01  -.3678328E-01  -.3305522E-01  -.2767174E-01
  -.2198135E-01  -.1696336E-01  -.1309095E-01  -.1059101E-01  -.9429262E-02
  -.9021290E-02  -.8411329E-02  -.7222212E-02  -.5493643E-02  -.3123449E-02
  -.3593201E-03   .2837174E-02   .6788774E-02   .1151188E-01   .1680541E-01
   .2252456E-01   .2791818E-01   .3211132E-01   .3446569E-01   .3414879E-01
   .3117794E-01   .2636360E-01   .2112587E-01   .1692870E-01   .1426416E-01
   .1255766E-01   .1111607E-01   .9623766E-02   .8007887E-02   .6572336E-02
   .6397108E-02   .8020152E-02   .1126094E-01   .1486196E-01   .1722920E-01
   .1753294E-01   .1516221E-01   .1127646E-01   .7716532E-02   .5955068E-02
   .6920819E-02   .1032428E-01   .1523198E-01   .2048025E-01   .2451291E-01
   .2673979E-01   .2648688E-01   .2391253E-01   .2028243E-01   .1654546E-01
   .1304045E-01   .1030597E-01   .8600951E-02   .7607630E-02   .7938337E-02
   .9597851E-02   .1244350E-01   .1676340E-01   .2225264E-01   .2806082E-01
   .3276087E-01   .3511169E-01   .3390370E-01   .2892273E-01   .2174854E-01
   .1542971E-01   .1250847E-01   .1340825E-01   .1719941E-01   .2186865E-01
   .2530041E-01   .2674672E-01   .2643070E-01   .2549250E-01   .2531518E-01
   .2669241E-01   .2898796E-01   .3126931E-01   .3276130E-01   .3285126E-01
   .3149537E-01   .2951483E-01   .2810763E-01   .2756132E-01   .2777082E-01
   .2805670E-01   .2718632E-01   .2481839E-01   .2108322E-01   .1662329E-01
   .1276481E-01   .1067014E-01   .1088878E-01   .1323694E-01   .1626336E-01
   .1804824E-01   .1694251E-01   .1245861E-01   .5179546E-02  -.3341068E-02
  -.1114823E-01  -.1600792E-01  -.1699059E-01  -.1425891E-01  -.9098363E-02
  -.3049919E-02   .2284262E-02   .5490593E-02   .6223143E-02   .4882091E-02
   .2199092E-02  -.8594392E-03  -.3487380E-02  -.5120814E-02  -.5479215E-02
  -.4539053E-02  -.3084637E-02  -.1784944E-02  -.1203571E-02  -.1872988E-02
  -.4171035E-02  -.7822985E-02  -.1192340E-01  -.1537176E-01  -.1740995E-01
  -.1769616E-01  -.1665883E-01  -.1570527E-01  -.1605668E-01  -.1845427E-01
  -.2319621E-01  -.2993933E-01  -.3775823E-01  -.4507845E-01  -.5080534E-01
  -.5390067E-01  -.5422566E-01  -.5288530E-01  -.5130912E-01  -.5016740E-01
  -.4986585E-01  -.5019927E-01  -.5041312E-01  -.4937563E-01  -.4632616E-01
  -.4135702E-01  -.3533285E-01  -.2904054E-01  -.2358553E-01  -.1961493E-01
  -.1686069E-01  -.1454371E-01  -.1235977E-01  -.1042043E-01  -.9000017E-02
  -.7965308E-02  -.7387142E-02  -.6558413E-02  -.4722584E-02  -.1522785E-02
   .3015521E-02   .8044919E-02   .1237968E-01   .1471946E-01   .1433419E-01
   .1107249E-01   .5531394E-02  -.8818729E-03  -.6380749E-02  -.9449237E-02
  -.9364644E-02  -.6234329E-02  -.1441469E-02   .2729879E-02   .4585222E-02
   .3853840E-02   .1143907E-02  -.2397869E-02  -.5463471E-02  -.6997937E-02
  -.6816791E-02  -.5529935E-02  -.3429764E-02  -.9908298E-03   .1481245E-02
   .3628929E-02   .5778227E-02   .8300224E-02   .1077296E-01   .1281188E-01
   .1425593E-01   .1516390E-01   .1557613E-01   .1611615E-01   .1680416E-01
   .1713777E-01   .1716094E-01   .1712571E-01   .1704538E-01   .1658925E-01
   .1579348E-01   .1507261E-01   .1479403E-01   .1532537E-01   .1603788E-01
   .1663998E-01   .1677176E-01   .1553597E-01   .1272191E-01   .8636843E-02
   .3925671E-02  -.2835045E-03  -.3121015E-02  -.3867686E-02  -.2550897E-02
  -.5961244E-04   .2911661E-02   .5710124E-02   .7770009E-02   .9327492E-02
   .1026211E-01   .1055457E-01   .1004228E-01   .8614545E-02   .6166353E-02
   .3402719E-02   .8336566E-03  -.8987145E-03  -.1334775E-02  -.6451551E-03
   .1204209E-02   .3641170E-02   .5675648E-02   .6521242E-02   .5693160E-02
   .3092052E-02  -.6232887E-03  -.4564209E-02  -.8147474E-02  -.1111351E-01
  -.1289144E-01  -.1291657E-01  -.1129076E-01  -.8532799E-02  -.5204250E-02
  -.1984359E-02   .1039314E-02   .3797954E-02   .6378992E-02   .8330865E-02
   .9507089E-02   .9520585E-02   .7910011E-02   .4339314E-02  -.1037191E-02
  -.6444464E-02  -.1017658E-01  -.1099481E-01  -.8978985E-02  -.5539545E-02
  -.2202608E-02  -.1121421E-02  -.3436475E-02  -.8247351E-02  -.1379392E-01
  -.1799525E-01  -.1916186E-01  -.1692433E-01  -.1189221E-01  -.5817733E-02
  -.6309173E-03   .2271662E-02   .1928484E-02  -.1704027E-02  -.7517286E-02
  -.1407217E-01  -.1962879E-01  -.2269630E-01  -.2326968E-01  -.2116050E-01
  -.1757720E-01  -.1393368E-01  -.1186193E-01  -.1194675E-01  -.1366070E-01
  -.1560608E-01  -.1616887E-01  -.1484494E-01  -.1204004E-01  -.8267732E-02
  -.4988265E-02  -.3683926E-02  -.4796949E-02  -.7537394E-02  -.1068009E-01
  -.1289534E-01  -.1353880E-01  -.1232759E-01  -.9636976E-02  -.6311479E-02
  -.3239307E-02  -.7674831E-03   .8860743E-03   .1715340E-02   .2201876E-02
   .2226126E-02   .2011243E-02   .2470379E-02   .3072830E-02   .3065563E-02
   .1996008E-02  -.2766193E-04  -.2644186E-02  -.5292863E-02  -.6964132E-02
  -.7227132E-02  -.6545624E-02  -.5486087E-02  -.4506138E-02  -.4011852E-02
  -.3822101E-02  -.2944521E-02  -.8241015E-03   .2429971E-02   .6912770E-02
   .1210644E-01   .1665026E-01   .1923346E-01   .1953067E-01   .1800021E-01
   .1526546E-01   .1243755E-01   .1063628E-01   .1061354E-01   .1192711E-01
   .1372378E-01   .1521490E-01   .1574144E-01   .1531975E-01   .1420884E-01
   .1373247E-01   .1484114E-01   .1694689E-01   .1843481E-01   .1820308E-01
   .1463109E-01   .7674967E-02  -.1092005E-02  -.9505783E-02  -.1497862E-01
  -.1571728E-01  -.1153952E-01  -.3443193E-02   .5783101E-02   .1301931E-01
   .1562767E-01   .1312621E-01   .6582424E-02  -.1316494E-02  -.7662760E-02
  -.1018783E-01  -.8852204E-02  -.5343271E-02  -.1881683E-02  -.3343019E-03
  -.1568993E-02  -.5238576E-02  -.9858468E-02  -.1339622E-01  -.1381670E-01
  -.1052753E-01  -.4437867E-02   .2708162E-02   .8571387E-02   .1150869E-01
   .1126220E-01   .8226545E-02   .3290046E-02  -.1838622E-02  -.5280061E-02
  -.6203519E-02  -.4458679E-02  -.1137675E-02   .2084120E-02   .3897432E-02
   .3218791E-02   .1968570E-03  -.3734930E-02  -.6861905E-02  -.8060966E-02
  -.6983458E-02  -.4079458E-02  -.4572118E-03   .1928326E-02   .1712721E-02
  -.7093135E-03  -.3935934E-02  -.6226490E-02  -.6572725E-02  -.4954920E-02
  -.2071153E-02   .7362252E-03   .2165600E-02   .1100731E-02  -.1858892E-02
  -.5415546E-02  -.8343987E-02  -.9790257E-02  -.9178105E-02  -.6561762E-02
  -.2549649E-02   .1589631E-02   .4851149E-02   .6625912E-02   .6229290E-02
   .3975620E-02   .8821854E-03  -.1775633E-02  -.3197311E-02  -.3441276E-02
  -.3092754E-02  -.2915681E-02  -.3812789E-02  -.6096704E-02  -.9273506E-02
  -.1220089E-01  -.1339744E-01  -.1221110E-01  -.8753238E-02  -.4037085E-02
   .6677279E-03   .3760182E-02   .4532020E-02   .3514971E-02   .1853130E-02
   .5548780E-03   .7922930E-04   .6302264E-03   .2433439E-02   .5279432E-02
   .8559336E-02   .1194620E-01   .1496852E-01   .1730470E-01   .1857209E-01
   .1843819E-01   .1712470E-01   .1503310E-01   .1252003E-01   .9966283E-02
   .8027140E-02   .7163699E-02   .7316703E-02   .8397074E-02   .1012359E-01
   .1213897E-01   .1380646E-01   .1501017E-01   .1547355E-01   .1516310E-01
   .1473249E-01   .1423749E-01   .1405600E-01   .1401812E-01   .1446968E-01
   .1499705E-01   .1444080E-01   .1258476E-01   .9399584E-02   .4457414E-02
  -.1616337E-02  -.6722258E-02  -.8967582E-02  -.7657872E-02  -.3110703E-02
   .3585984E-02   .1060820E-01   .1571351E-01   .1761257E-01   .1616489E-01
   .1263569E-01   .8594083E-02   .5311795E-02   .3452786E-02   .2884201E-02
   .2894058E-02   .2794269E-02   .1793227E-02  -.7433401E-04  -.2191206E-02
  -.3621866E-02  -.3393186E-02  -.1599374E-02   .6763534E-03   .2999426E-02
   .4689764E-02   .4520488E-02   .2512992E-02  -.6902840E-03  -.3946894E-02
  -.6244609E-02  -.6809238E-02  -.6118575E-02  -.5123539E-02  -.4884102E-02
  -.5936812E-02  -.8166871E-02  -.1085585E-01  -.1344292E-01  -.1510688E-01
  -.1512093E-01  -.1358298E-01  -.1106167E-01  -.8111138E-02  -.5594099E-02
  -.4813234E-02  -.5860060E-02  -.8153956E-02  -.1074165E-01  -.1282960E-01
  -.1415052E-01  -.1449160E-01  -.1412113E-01  -.1364909E-01  -.1328427E-01
  -.1338544E-01  -.1371501E-01  -.1426408E-01  -.1481266E-01  -.1494621E-01
  -.1445886E-01  -.1285424E-01  -.1041142E-01  -.7725027E-02  -.5899500E-02
  -.5576847E-02  -.6475691E-02  -.8412345E-02  -.1049364E-01  -.1197403E-01
  -.1223279E-01  -.1115271E-01  -.9116265E-02  -.6562175E-02  -.4086960E-02
  -.2882953E-02  -.3296008E-02  -.4814155E-02  -.6230608E-02  -.6838215E-02
  -.6223056E-02  -.4216160E-02  -.1235336E-02   .1225968E-02   .1928294E-02
   .1199367E-02  -.1103326E-03  -.1665170E-02  -.3062207E-02  -.3454698E-02
  -.2799642E-02  -.1899100E-02  -.1190965E-02  -.9819137E-03  -.1020902E-02
  -.1222619E-02  -.1432903E-02  -.1254930E-02  -.4484057E-03   .1229371E-02
   .3408604E-02   .5222708E-02   .6228587E-02   .6040410E-02   .4805428E-02
   .2742320E-02   .3077130E-03  -.1264506E-02  -.9909335E-03   .9123520E-03
   .3419043E-02   .5697075E-02   .7596772E-02   .8460187E-02   .8002248E-02
   .6812146E-02   .5311118E-02   .4177089E-02   .3277841E-02   .2855521E-02
   .2968141E-02   .2860624E-02   .2720399E-02   .2578978E-02   .2016379E-02
   .1118067E-02   .6370566E-03   .8807038E-03   .1922194E-02   .3457316E-02
   .4728857E-02   .4904687E-02   .3660326E-02   .1513953E-02  -.5794179E-03
  -.1905434E-02  -.1679325E-02   .5133036E-05   .2203974E-02   .3714394E-02
   .3602450E-02   .1766065E-02  -.1020410E-02  -.3740749E-02  -.5780470E-02
  -.6556738E-02  -.5546502E-02  -.3444879E-02  -.1209815E-02   .6889576E-03
   .1535166E-02   .8877280E-03  -.6989976E-03  -.2340420E-02  -.3076765E-02
  -.2052834E-02   .7875295E-03   .4593428E-02   .7838793E-02   .9447411E-02
   .8959397E-02   .6343137E-02   .2433911E-02  -.9436687E-03  -.2300575E-02
  -.1129513E-02   .1892966E-02   .5752018E-02   .8850900E-02   .9706891E-02
   .8305429E-02   .4909032E-02   .4897868E-03  -.3201060E-02  -.5071623E-02
  -.5007520E-02  -.3262799E-02  -.1061348E-02   .2808065E-03   .5529352E-03
  -.5582228E-03  -.2643854E-02  -.4365359E-02  -.5213843E-02  -.5193389E-02
  -.4885920E-02  -.5023941E-02  -.5979420E-02  -.7620827E-02  -.9106242E-02
  -.9535677E-02  -.8379966E-02  -.5865614E-02  -.2333729E-02   .1177627E-02
   .3200361E-02   .3381859E-02   .2545241E-02   .1297720E-02   .3337010E-03
   .6102919E-03   .2080548E-02   .4253899E-02   .6225365E-02   .6813914E-02
   .5743546E-02   .3575461E-02   .8514585E-03  -.1657489E-02  -.2688890E-02
  -.2329199E-02  -.1055303E-02   .5257845E-03   .1137270E-02   .7671774E-03
  -.4445609E-03  -.2473710E-02  -.4130616E-02  -.4480582E-02  -.3383687E-02
  -.9523585E-03   .1908632E-02   .4258844E-02   .5620002E-02   .5936671E-02
   .5235003E-02   .3899484E-02   .2646200E-02   .2132471E-02   .2631365E-02
   .3908561E-02   .5757122E-02   .7400157E-02   .8604513E-02   .9121512E-02
   .8746043E-02   .7449142E-02   .5580296E-02   .4101418E-02   .3672726E-02
   .3969315E-02   .4267601E-02   .4010942E-02   .2128890E-02  -.1658219E-02
  -.6068719E-02  -.9843219E-02  -.1219918E-01  -.1239429E-01  -.1080819E-01
  -.8397721E-02  -.6260687E-02  -.5407540E-02  -.5482413E-02  -.6134368E-02
  -.7049687E-02  -.7531392E-02  -.7188956E-02  -.6364455E-02  -.5624958E-02
  -.5366917E-02  -.5588900E-02  -.5955710E-02  -.5857499E-02  -.4606927E-02
  -.2444674E-02   .2594913E-03   .2602141E-02   .4558029E-02   .5973105E-02
   .6570602E-02   .6337922E-02   .5209809E-02   .3651517E-02   .2058446E-02
   .5932579E-03  -.6634417E-03  -.1638928E-02  -.2171261E-02  -.2319908E-02
  -.2067437E-02  -.1480407E-02  -.9619684E-03  -.9570137E-03  -.1400352E-02
  -.1930799E-02  -.2026159E-02  -.1397786E-02   .1090049E-03   .2279249E-02
   .3913331E-02   .4511982E-02   .3493501E-02   .8621348E-03  -.1962044E-02
  -.3416478E-02  -.3176821E-02  -.1734413E-02   .9370115E-03   .4390335E-02
   .7255751E-02   .8676297E-02   .8310383E-02   .6298854E-02   .2932074E-02
  -.7065199E-03  -.2940329E-02  -.3515149E-02  -.2645648E-02  -.4364900E-03
   .2631432E-02   .5966873E-02   .8644435E-02   .9680355E-02   .8939468E-02
   .6912581E-02   .4098230E-02   .1015524E-02  -.1084548E-02  -.1929072E-02
  -.1561860E-02  -.4260889E-03   .6283609E-03   .5167652E-03  -.7718948E-03
  -.2579703E-02  -.4351217E-02  -.5446468E-02  -.5770845E-02  -.5580556E-02
  -.5411555E-02  -.5520299E-02  -.5866089E-02  -.6294581E-02  -.6263059E-02
  -.5225633E-02  -.3584328E-02  -.1929193E-02  -.2025764E-03   .1210202E-02
   .2348292E-02   .3329595E-02   .4150590E-02   .4287272E-02   .3687879E-02
   .2788299E-02   .1801841E-02   .1059991E-02   .7059895E-03   .1083853E-02
   .2319199E-02   .3880179E-02   .5638454E-02   .7191620E-02   .7924588E-02
   .7465022E-02   .5715789E-02   .2880429E-02  -.3173604E-03  -.2956557E-02
  -.4190446E-02  -.3264660E-02  -.3492008E-03   .3606281E-02   .7295453E-02
   .9525793E-02   .1002261E-01   .8699820E-02   .6048416E-02   .3018743E-02
   .8043951E-03  -.1125042E-04  -.8244132E-04   .2200950E-03   .7321644E-03
   .9940868E-03   .1056381E-02   .1295553E-02   .1698647E-02   .2039867E-02
   .2222346E-02   .2102348E-02   .1808561E-02   .1545537E-02   .1170773E-02
   .5428886E-03  -.3622587E-03  -.1286150E-02  -.2152843E-02  -.2818342E-02
  -.3159178E-02  -.3183700E-02  -.3303952E-02  -.3322838E-02  -.2903590E-02
  -.1994547E-02  -.6294867E-03   .1101723E-02   .2506915E-02   .2772244E-02
   .1523698E-02  -.1077678E-02  -.4876658E-02  -.8756576E-02  -.1076159E-01
  -.1006195E-01  -.6946616E-02  -.2698982E-02   .1025462E-02   .2855348E-02
   .2513321E-02   .8918233E-04  -.3800059E-02  -.7559540E-02  -.9800846E-02
  -.9953823E-02  -.8460934E-02  -.6413091E-02  -.4369221E-02  -.3356738E-02
  -.3891941E-02  -.5196565E-02  -.6468629E-02  -.7225016E-02  -.7361689E-02
  -.7234079E-02  -.6843473E-02  -.6330150E-02  -.5312602E-02  -.3806148E-02
  -.2342923E-02  -.1250848E-02  -.8581196E-03  -.1074725E-02  -.1655312E-02
  -.2621139E-02  -.3557630E-02  -.3867413E-02  -.3988949E-02  -.4016954E-02
  -.4501924E-02  -.5737177E-02  -.6809756E-02  -.7753721E-02  -.8757996E-02
  -.9074274E-02  -.8546530E-02  -.7894476E-02  -.7177073E-02  -.6361522E-02
  -.5902166E-02  -.5539844E-02  -.5217036E-02  -.5326612E-02  -.5498078E-02
  -.5213936E-02  -.4488501E-02  -.3004563E-02  -.8359646E-03   .1541717E-02
   .3653564E-02   .4821962E-02   .5080935E-02   .4547987E-02   .3888865E-02
   .3834180E-02   .4751313E-02   .6753116E-02   .9305625E-02   .1152693E-01
   .1281909E-01   .1309983E-01   .1242371E-01   .1076603E-01   .8730880E-02
   .7041819E-02   .5750127E-02   .5086892E-02   .4982235E-02   .4886305E-02
   .4523894E-02   .4080366E-02   .4135305E-02   .4958744E-02   .6609664E-02
   .8858728E-02   .1120355E-01   .1292546E-01   .1328888E-01   .1230407E-01
   .1052300E-01   .8645870E-02   .7251087E-02   .6677031E-02   .6784820E-02
   .6972653E-02   .6877164E-02   .6532421E-02   .5932240E-02   .5836682E-02
   .6563784E-02   .7823989E-02   .9262021E-02   .1026231E-01   .1067834E-01
   .1039239E-01   .9303387E-02   .7788648E-02   .5962083E-02   .4222990E-02
   .3564208E-02   .3705865E-02   .4370204E-02   .5539087E-02   .6416995E-02
   .6248406E-02   .4887199E-02   .2925783E-02   .7804282E-03  -.9944369E-03
  -.1986657E-02  -.3018143E-02  -.4546540E-02  -.6713716E-02  -.9434550E-02
  -.1186238E-01  -.1299785E-01  -.1247032E-01  -.1056928E-01  -.8150490E-02
  -.6234266E-02  -.5608286E-02  -.6307560E-02  -.7577809E-02  -.8941418E-02
  -.9699087E-02  -.9311738E-02  -.7865082E-02  -.6172285E-02  -.4878862E-02
  -.4691521E-02  -.5586587E-02  -.7281538E-02  -.9246842E-02  -.1070921E-01
  -.1180587E-01  -.1229386E-01  -.1209158E-01  -.1154515E-01  -.1048957E-01
  -.9392954E-02  -.8292854E-02  -.6763363E-02  -.5017551E-02  -.3318909E-02
  -.2037838E-02  -.9817118E-03  -.3642550E-03  -.5067238E-03  -.1217877E-02
  -.1863227E-02  -.2211928E-02  -.1944639E-02  -.1103114E-02  -.3041530E-03
   .1933860E-03   .3736199E-03   .3223416E-03   .6779722E-03   .1606542E-02
   .2540371E-02   .3490820E-02   .4313402E-02   .4309096E-02   .3507309E-02
   .2194225E-02   .5330001E-03  -.1489172E-02  -.3470942E-02  -.5247959E-02
  -.6578979E-02  -.7293657E-02  -.7246677E-02  -.6445064E-02  -.5537964E-02
  -.5180443E-02  -.5433905E-02  -.6121204E-02  -.6860666E-02  -.7092946E-02
  -.6467021E-02  -.5539983E-02  -.4916691E-02  -.5234097E-02  -.5924279E-02
  -.6097174E-02  -.5684148E-02  -.4782443E-02  -.3600552E-02  -.1953777E-02
   .5676652E-04   .2126187E-02   .4027555E-02   .5505804E-02   .6781678E-02
   .7532926E-02   .7627807E-02   .7437868E-02   .6785420E-02   .5497617E-02
   .4393090E-02   .4096354E-02   .4793731E-02   .6257623E-02   .7969166E-02
   .9211707E-02   .9763179E-02   .9648235E-02   .8545556E-02   .6572758E-02
   .4783664E-02   .3896796E-02   .3934122E-02   .4813765E-02   .5862631E-02
   .6430694E-02   .6214461E-02   .5581946E-02   .5073926E-02   .5365057E-02
   .6919597E-02   .8596215E-02   .9571308E-02   .9303158E-02   .7292498E-02
   .4205171E-02   .9056685E-03  -.1504267E-02  -.2047710E-02  -.8604952E-03
   .1165365E-02   .2791324E-02   .3098734E-02   .2046614E-02   .8658207E-04
  -.2066445E-02  -.3150777E-02  -.2780333E-02  -.1602971E-02  -.4447066E-03
   .1013084E-03  -.7252999E-03  -.2451828E-02  -.4504653E-02  -.6035461E-02
  -.6124825E-02  -.5243164E-02  -.3784736E-02  -.2036862E-02  -.6734276E-03
   .2947774E-03   .7472879E-03   .8239348E-03   .6857888E-03   .4957521E-03
   .2111087E-03  -.3233475E-03  -.7222517E-03  -.1147407E-02  -.1315927E-02
  -.8900945E-03  -.1188717E-03   .1163049E-02   .2655958E-02   .3977823E-02
   .4605463E-02   .4513753E-02   .3653433E-02   .2110342E-02   .3199746E-03
  -.1409773E-02  -.2528378E-02  -.3018068E-02  -.3422374E-02  -.3952975E-02
  -.4807632E-02  -.5823541E-02  -.6694472E-02  -.6851355E-02  -.6360029E-02
  -.5635164E-02  -.4580361E-02  -.3701840E-02  -.3608284E-02  -.4369578E-02
  -.5400981E-02  -.6348037E-02  -.7258910E-02  -.7875448E-02  -.8056105E-02
  -.7855392E-02  -.7179155E-02  -.6239266E-02  -.5013299E-02  -.3733627E-02
  -.2585123E-02  -.1534016E-02  -.7307483E-03   .3906873E-03   .1875160E-02
   .3252095E-02   .4623357E-02   .5166882E-02   .4795605E-02   .3717097E-02
   .2369785E-02   .1628743E-02   .1666079E-02   .2664491E-02   .4216914E-02
   .5481071E-02   .5987710E-02   .5585316E-02   .4888681E-02   .4442517E-02
   .4601776E-02   .5205149E-02   .6314419E-02   .7639228E-02   .8278124E-02
   .8274279E-02   .8044153E-02   .7570020E-02   .7223275E-02   .7063067E-02
   .6894818E-02   .6704115E-02   .6705896E-02   .7068741E-02   .6682025E-02
   .5670661E-02   .4583670E-02   .3371340E-02   .2407677E-02   .2241927E-02
   .2836914E-02   .4157255E-02   .5639133E-02   .6641799E-02   .6860594E-02
   .5928235E-02   .4365947E-02   .3152411E-02   .2544097E-02   .2821633E-02
   .3469414E-02   .3374022E-02   .2286844E-02   .2992102E-03  -.1903780E-02
  -.3383032E-02  -.3891343E-02  -.3236221E-02  -.1958102E-02  -.9788001E-03
  -.2228274E-03  -.5020113E-04  -.2725983E-03  -.7346803E-03  -.1444333E-02
  -.2222974E-02  -.2883195E-02  -.3579295E-02  -.4007311E-02  -.3863970E-02
  -.3354279E-02  -.2893038E-02  -.2655613E-02  -.2886056E-02  -.3353020E-02
  -.3634579E-02  -.3950870E-02  -.4333694E-02  -.4716148E-02  -.5503795E-02
  -.6298996E-02  -.6666613E-02  -.6600483E-02  -.6173855E-02  -.5298543E-02
  -.4103034E-02  -.3133384E-02  -.2602892E-02  -.2998195E-02  -.4610036E-02
  -.6824123E-02  -.8851978E-02  -.9861992E-02  -.1028380E-01  -.1011197E-01
  -.9314553E-02  -.8279277E-02  -.7219495E-02  -.6272239E-02  -.5574459E-02
  -.4988552E-02  -.4289875E-02  -.3657833E-02  -.3316908E-02  -.3310602E-02
  -.3659245E-02  -.4519395E-02  -.5493377E-02  -.6020658E-02  -.5753469E-02
  -.4996956E-02  -.4385489E-02  -.4090745E-02  -.4433651E-02  -.5214303E-02
  -.6261255E-02  -.6851154E-02  -.6928971E-02  -.7081104E-02  -.7203504E-02
  -.7053737E-02  -.6688685E-02  -.6055884E-02  -.5020454E-02  -.3669213E-02
  -.2390431E-02  -.1520898E-02  -.1332041E-02  -.1557158E-02  -.1660941E-02
  -.1143632E-02  -.1570284E-06   .1299223E-02   .2703303E-02   .4281483E-02
   .5311378E-02   .5814922E-02   .6364949E-02   .7197687E-02   .8142620E-02
   .9044155E-02   .9863885E-02   .1012955E-01   .9697522E-02   .9149607E-02
   .8748091E-02   .8476244E-02   .8490126E-02   .8643784E-02   .8366029E-02
   .7442348E-02   .6428924E-02   .5534677E-02   .5053846E-02   .5169631E-02
   .5810477E-02   .6628165E-02   .7140292E-02   .7026969E-02   .5994738E-02
   .4220473E-02   .2134506E-02   .1658353E-03  -.3796603E-03   .4919572E-03
   .1966985E-02   .3575313E-02   .4571124E-02   .4919988E-02   .4637229E-02
   .3740930E-02   .2512253E-02   .1548992E-02   .8614152E-03   .5365504E-03
   .5659723E-03   .6976142E-03   .9112089E-03   .9173953E-03   .5470052E-03
  -.1429301E-06  -.2130030E-03  -.3539962E-03  -.3404757E-03   .4089839E-04
   .8009924E-03   .1425320E-02   .1803440E-02   .1929416E-02   .2010055E-02
   .2250119E-02   .2388511E-02   .2197580E-02   .1579211E-02   .9452380E-03
   .5149798E-03   .2105243E-03   .4055274E-03   .9543584E-03   .1537953E-02
   .1608232E-02   .1483247E-02   .1638308E-02   .1943392E-02   .2200583E-02
   .2313175E-02   .2164943E-02   .1830821E-02   .1111466E-02   .2077037E-03
  -.5334544E-03  -.8860889E-03  -.8560410E-03  -.7318364E-03  -.8378084E-03
  -.1369357E-02  -.2169913E-02  -.2905599E-02  -.3243935E-02  -.3630907E-02
  -.3973621E-02  -.4317229E-02  -.4409482E-02  -.4094336E-02  -.3627679E-02
  -.3231933E-02  -.3182323E-02  -.3378010E-02  -.3816434E-02  -.3925310E-02
  -.3415990E-02  -.2657484E-02  -.1659141E-02  -.5853882E-03   .2760961E-03
   .7399500E-03   .4345510E-03  -.3435939E-03  -.8351895E-03  -.7377343E-03
  -.1030530E-03   .6550221E-03   .1513477E-02   .2313830E-02   .2971502E-02
   .2988059E-02   .2045240E-02   .9164743E-03  -.1842342E-03  -.1239404E-02
  -.1897686E-02  -.1628836E-02  -.8327405E-03   .1225664E-04   .5606295E-03
   .7075465E-03   .7235764E-03   .8588105E-03   .1052042E-02   .1431825E-02
   .1947773E-02   .2127365E-02   .1891017E-02   .1258040E-02   .1116645E-03
  -.1195471E-02  -.2325040E-02  -.3253768E-02  -.3619954E-02  -.2922251E-02
  -.1420497E-02   .3595728E-03   .2239015E-02   .3820802E-02   .4690237E-02
   .4844633E-02   .4473594E-02   .3673633E-02   .2949320E-02   .2289953E-02
   .1476200E-02   .5550374E-03  -.6605648E-03  -.1684511E-02  -.2364039E-02
  -.2785942E-02  -.2972789E-02  -.3077345E-02  -.3098769E-02  -.3242862E-02
  -.3570167E-02  -.4023476E-02  -.4046969E-02  -.3418655E-02  -.2621690E-02
  -.1962432E-02  -.1846544E-02  -.2343205E-02  -.3023760E-02  -.3435219E-02
  -.3382814E-02  -.2891506E-02  -.2201764E-02  -.1466434E-02  -.1186571E-02
  -.1401898E-02  -.1819878E-02  -.1976154E-02  -.1643099E-02  -.8488364E-03
   .3008752E-03   .1360315E-02   .1547492E-02   .6991434E-03  -.9380250E-03
  -.2373610E-02  -.2799908E-02  -.2422554E-02  -.1119958E-02   .2597592E-03
   .1154770E-02   .1186009E-02   .7063314E-04  -.1518269E-02  -.3196689E-02
  -.4333098E-02  -.4661879E-02  -.4498189E-02  -.4181879E-02  -.3695534E-02
  -.3008799E-02  -.2079027E-02  -.1051093E-02   .1773875E-04   .6847673E-03
   .6959317E-03   .6600435E-04  -.5934871E-03  -.1287471E-02  -.1530750E-02
  -.1304052E-02  -.9908143E-03  -.3992993E-03   .2711448E-03   .7228818E-03
   .1220465E-02   .1532679E-02   .1964153E-02   .2579330E-02   .2721712E-02
   .2529828E-02   .2076967E-02   .1385269E-02   .8954343E-03   .8237590E-03
   .1208942E-02   .1639410E-02   .2266556E-02   .3050243E-02   .3806274E-02
   .4504140E-02   .5197511E-02   .5844698E-02   .6044710E-02   .5609151E-02
   .4840077E-02   .3953511E-02   .3326633E-02   .3112258E-02   .3023531E-02
   .3086850E-02   .2960677E-02   .2176561E-02   .9868339E-03  -.1480991E-03
  -.1102577E-02  -.1692117E-02  -.2054282E-02  -.2105094E-02  -.1796724E-02
  -.1079315E-02   .1718606E-03   .1819362E-02   .3501926E-02   .4765623E-02
   .5295644E-02   .4772046E-02   .3262589E-02   .1121958E-02  -.4330143E-03
  -.8098346E-03   .7137337E-04   .2261799E-02   .4417016E-02   .5747019E-02
   .6195174E-02   .5933481E-02   .5340802E-02   .4591365E-02   .3879744E-02
   .3717523E-02   .3928844E-02   .3998020E-02   .3919004E-02   .3890620E-02
   .3277630E-02   .2596240E-02   .1972663E-02   .1484844E-02   .1360583E-02
   .1549284E-02   .1673583E-02   .1261530E-02   .5170160E-03  -.1985144E-03
  -.3417964E-03   .8213051E-04   .5973788E-03   .1066824E-02   .1220739E-02
   .7132385E-03   .1185693E-04   .1514045E-04   .9378033E-03   .2453813E-02
   .4012363E-02   .4950937E-02   .4816969E-02   .3735010E-02   .2214653E-02
   .9412127E-03   .4793139E-03   .7699160E-03   .1615830E-02   .2504617E-02
   .3030810E-02   .3021282E-02   .2523896E-02   .2042530E-02   .1746335E-02
   .1334084E-02   .9684450E-03   .5912636E-03   .1644965E-03   .7182309E-04
   .2961849E-03   .5934148E-03   .8588782E-03   .4868416E-03  -.4646563E-03
  -.1402712E-02  -.2524117E-02  -.3409201E-02  -.3713908E-02  -.3473571E-02
  -.3181768E-02  -.3093709E-02  -.3512339E-02  -.4838856E-02  -.6518514E-02
  -.8097331E-02  -.9506231E-02  -.1015733E-01  -.9592963E-02  -.8287429E-02
  -.6462429E-02  -.4679177E-02  -.2995138E-02  -.1712308E-02  -.1161914E-02
  -.1482236E-02  -.2558773E-02  -.4103184E-02  -.5531762E-02  -.6350231E-02
  -.6493507E-02  -.5746200E-02  -.4170344E-02  -.2439217E-02  -.1436629E-02
  -.1590794E-02  -.2650228E-02  -.3816418E-02  -.4390505E-02  -.3754348E-02
  -.2188697E-02  -.5583700E-03   .1286784E-03  -.3548654E-03  -.2031295E-02
  -.3856452E-02  -.4597713E-02  -.4241417E-02  -.2718432E-02  -.5843639E-03
   .1451047E-02   .2647388E-02   .2777151E-02   .2066923E-02   .9560176E-03
   .4284573E-04  -.2919255E-03  -.4176657E-03  -.4152943E-03  -.3255688E-03
  -.6787646E-04   .3734617E-03   .1294373E-02   .2728947E-02   .4329338E-02
   .5762632E-02   .6542364E-02   .6520379E-02   .5955823E-02   .4461911E-02
   .2364999E-02   .2184703E-03  -.1305790E-02  -.1871206E-02  -.1795605E-02
  -.1355618E-02  -.1259993E-02  -.1551811E-02  -.2307991E-02  -.2904645E-02
  -.2289032E-02  -.2611209E-03   .2737223E-02   .5559628E-02   .7339343E-02
   .7403684E-02   .5709307E-02   .2964980E-02   .4893100E-03  -.8091681E-03
  -.1038745E-02  -.5106355E-03   .2793918E-03   .6878471E-03   .6582931E-03
   .3966819E-03   .5792401E-03   .1542292E-02   .2823979E-02   .3868913E-02
   .4523280E-02   .4535465E-02   .3994053E-02   .3088323E-02   .2294648E-02
   .1898277E-02   .1624318E-02   .1641867E-02   .2298435E-02   .3310871E-02
   .4396120E-02   .5430143E-02   .6034612E-02   .6006930E-02   .5297990E-02
   .4066396E-02   .2980735E-02   .2364576E-02   .2328007E-02   .3038466E-02
   .3640342E-02   .3657548E-02   .3082678E-02   .1614068E-02  -.3713890E-03
  -.2647400E-02  -.4424922E-02  -.5104182E-02  -.5033755E-02  -.4482607E-02
  -.4029369E-02  -.3924768E-02  -.4229504E-02  -.4932798E-02  -.5649960E-02
  -.5737589E-02  -.5249180E-02  -.4297390E-02  -.3063351E-02  -.1994494E-02
  -.1310355E-02  -.1177228E-02  -.1656754E-02  -.1921579E-02  -.1255002E-02
  -.3444195E-03   .5920628E-03   .1731076E-02   .2851185E-02   .3644542E-02
   .3774951E-02   .3181784E-02   .2531507E-02   .2182433E-02   .1409303E-02
   .3810328E-03  -.7161036E-03  -.1370339E-02  -.1344414E-02  -.1053618E-02
  -.7980517E-03  -.5538752E-03  -.5377512E-03  -.7938448E-03  -.1207464E-02
  -.1725460E-02  -.2094451E-02  -.1922154E-02  -.1250092E-02  -.3938560E-03
   .5944450E-03   .1594647E-02   .2279928E-02   .2268728E-02   .1446753E-02
   .4192583E-03  -.4713011E-03  -.1172928E-02  -.1374210E-02  -.1049404E-02
  -.2054179E-03   .1045049E-02   .2287953E-02   .2945791E-02   .3006264E-02
   .2543504E-02   .1775444E-02   .1025118E-02   .4132672E-03   .1094643E-03
   .4225345E-03   .9423886E-03   .1365141E-02   .1835849E-02   .1963939E-02
   .1763914E-02   .1072234E-02   .1638787E-03  -.7764765E-03  -.1709964E-02
  -.2292533E-02  -.2687456E-02  -.3134946E-02  -.3344956E-02  -.3273950E-02
  -.2746474E-02  -.2216404E-02  -.2009717E-02  -.1826306E-02  -.1935261E-02
  -.2220940E-02  -.2448715E-02  -.2174765E-02  -.1718374E-02  -.1679251E-02
  -.1875108E-02  -.2191650E-02  -.2140784E-02  -.1500051E-02  -.7502722E-03
  -.8047033E-04   .3595363E-03   .2887237E-03  -.1653413E-03  -.6573893E-03
  -.9021259E-03  -.7208347E-03  -.1061865E-03   .1595329E-03  -.1289964E-05
  -.1973393E-03  -.6525564E-03  -.6880398E-03  -.3065887E-04   .9115630E-03
   .1682527E-02   .2498820E-02   .3183489E-02   .3462204E-02   .3419825E-02
   .3175496E-02   .3240808E-02   .3652528E-02   .3833144E-02   .3940034E-02
   .3918183E-02   .3536138E-02   .3036478E-02   .2472037E-02   .1896257E-02
   .1396218E-02   .8943778E-03   .3105791E-03  -.2507360E-03  -.5607587E-03
  -.6877103E-03  -.4603728E-03  -.1578560E-03   .2937616E-04   .3466210E-03
   .7315981E-03   .1073208E-02   .1059742E-02   .3871054E-03  -.6283108E-03
  -.2027765E-02  -.3366768E-02  -.4044146E-02  -.3722473E-02  -.2658377E-02
  -.1161110E-02   .4161749E-03   .1682110E-02   .2175661E-02   .1885729E-02
   .1419221E-02   .1116988E-02   .9390478E-03   .8058086E-03   .4902129E-03
  -.2007222E-03  -.7594541E-03  -.1240611E-02  -.1885085E-02  -.2325363E-02
  -.2311011E-02  -.2097621E-02  -.1963391E-02  -.1540490E-02  -.1131819E-02
  -.1147320E-02  -.1591020E-02  -.2185191E-02  -.2876381E-02  -.3646012E-02
  -.4370124E-02  -.4918637E-02  -.5171841E-02  -.5023840E-02  -.4828371E-02
  -.4692746E-02  -.4319357E-02  -.3829479E-02  -.3133963E-02  -.2542664E-02
  -.2081643E-02  -.1281298E-02  -.4977836E-03   .5614451E-03   .1465847E-02
   .1743682E-02   .1828942E-02   .1590372E-02   .9969908E-03   .5571758E-03
   .5893854E-03   .1287083E-02   .2135519E-02   .3014055E-02   .3830867E-02
   .4466849E-02   .4550783E-02   .4242482E-02   .4133103E-02   .4113776E-02
   .3947980E-02   .3231786E-02   .2024897E-02   .7276161E-03  -.2283916E-03
  -.5890317E-03  -.6560201E-03  -.3076347E-03   .1684994E-03   .6147426E-03
   .1047127E-02   .9255748E-03   .2438782E-03  -.1467545E-03  -.3896874E-03
  -.5226036E-03  -.2023837E-03   .5653532E-03   .1254313E-02   .1533959E-02
   .1281096E-02   .3335890E-03  -.8429475E-03  -.1818562E-02  -.2302859E-02
  -.2120947E-02  -.1490454E-02  -.6433707E-03   .4064139E-03   .1253176E-02
   .1590500E-02   .1241830E-02   .3687930E-03  -.6267465E-03  -.1516131E-02
  -.2007510E-02  -.1714860E-02  -.8849760E-03   .2809975E-03   .1593258E-02
   .2774849E-02   .3478442E-02   .3622648E-02   .3325851E-02   .3112640E-02
   .3356383E-02   .3717676E-02   .4179014E-02   .4697020E-02   .5028361E-02
   .4932307E-02   .4182323E-02   .3195986E-02   .2872129E-02   .3240137E-02
   .3675824E-02   .3716992E-02   .3424807E-02   .2852762E-02   .1852284E-02
   .7684314E-03   .9815058E-04  -.1126161E-03  -.1827869E-03  -.1399863E-03
  -.2950247E-04  -.3369584E-03  -.9362926E-03  -.1746634E-02  -.2636366E-02
  -.3481225E-02  -.4140151E-02  -.4514883E-02  -.4586165E-02  -.4275608E-02
  -.3867922E-02  -.3503225E-02  -.3530298E-02  -.3954279E-02  -.4371686E-02
  -.4697613E-02  -.4671348E-02  -.4357846E-02  -.3739086E-02  -.2733649E-02
  -.1809690E-02  -.1183728E-02  -.8741853E-03  -.1013734E-02  -.1532565E-02
  -.2231640E-02  -.2632786E-02  -.2396450E-02  -.1431785E-02   .7701334E-04
   .1412641E-02   .2234490E-02   .2450827E-02   .2019693E-02   .1215234E-02
   .1603183E-03  -.5943977E-03  -.6911230E-03  -.7251397E-03  -.4633236E-03
   .6260619E-04   .5085545E-03   .8598837E-03   .1067964E-02   .1161010E-02
   .1109148E-02   .8726438E-03   .4460241E-03   .1368334E-03  -.7722667E-04
  -.3760020E-03  -.9587285E-03  -.1564256E-02  -.2235048E-02  -.2727564E-02
  -.2726582E-02  -.2388591E-02  -.2246571E-02  -.2523795E-02  -.2806465E-02
  -.2797578E-02  -.2723079E-02  -.2587576E-02  -.2110309E-02  -.1387205E-02
  -.6695661E-03  -.8713725E-04   .1915006E-03   .3674633E-03   .4802291E-03
   .7559909E-03   .1235952E-02   .1565695E-02   .1427384E-02   .1079435E-02
   .7851816E-03   .5259308E-03   .3945296E-03   .6685361E-03   .1002769E-02
   .1002619E-02   .4260941E-03   .7792539E-04  -.9500945E-05  -.3038018E-03
  -.4954326E-03  -.3157035E-03  -.1346077E-04   .3370578E-03   .8169150E-03
   .1327413E-02   .1749723E-02   .2246700E-02   .2447665E-02   .2334156E-02
   .2056888E-02   .1879770E-02   .1750333E-02   .1533406E-02   .1350197E-02
   .1422974E-02   .1702599E-02   .2033088E-02   .2456483E-02   .2795090E-02
   .3148488E-02   .3129045E-02   .2691004E-02   .1967497E-02   .1117543E-02
   .7339870E-03   .6548633E-03   .5351379E-03   .2272869E-03  -.2095105E-03
  -.5787221E-03  -.9805468E-03  -.1500862E-02  -.1994182E-02  -.2569570E-02
  -.3241085E-02  -.3569379E-02  -.3532412E-02  -.3248755E-02  -.2820354E-02
  -.2327662E-02  -.1828861E-02  -.1254269E-02  -.8146001E-03  -.2854133E-03
   .3741859E-04   .4366983E-03   .1025028E-02   .1322083E-02   .1436500E-02
   .1275362E-02   .1026619E-02   .7324492E-03   .1797668E-03  -.4629337E-03
  -.1025822E-02  -.1449728E-02  -.1809503E-02  -.1933776E-02  -.2107167E-02
  -.2514492E-02  -.3213004E-02  -.4101279E-02  -.4832380E-02  -.5406121E-02
  -.5623891E-02  -.5440229E-02  -.5243278E-02  -.5229599E-02  -.5097565E-02
  -.5000475E-02  -.4819868E-02  -.4494482E-02  -.3928740E-02  -.3187452E-02
  -.2719782E-02  -.2768010E-02  -.3043513E-02  -.3096392E-02  -.2538968E-02
  -.1661487E-02  -.6488934E-03   .3981003E-03   .1273653E-02   .1792545E-02
   .1800235E-02   .1360209E-02   .8602540E-03   .3994492E-03  -.3233206E-03
  -.9840604E-03  -.1376634E-02  -.1828414E-02  -.2087828E-02  -.2138124E-02
  -.2044779E-02  -.2016602E-02  -.2031667E-02  -.1844382E-02  -.1335881E-02
  -.6238148E-03   .6689866E-04   .7502378E-03   .1469231E-02   .2028424E-02
   .2197218E-02   .2079022E-02   .1800551E-02   .1609006E-02   .1683229E-02
   .1973956E-02   .2604036E-02   .3299902E-02   .3528803E-02   .3228692E-02
   .2535287E-02   .1714925E-02   .1155389E-02   .9808272E-03   .8935801E-03
   .9470385E-03   .7821351E-03   .4227090E-03   .4740555E-04  -.1889104E-03
  -.1611451E-04   .4655006E-03   .1085024E-02   .1494209E-02   .1594345E-02
   .1339393E-02   .9371883E-03   .6225283E-03   .7149810E-03   .1084403E-02
   .1676590E-02   .2265229E-02   .2362372E-02   .2384736E-02   .2437449E-02
   .2414986E-02   .2201825E-02   .2188459E-02   .2293552E-02   .2415476E-02
   .2574816E-02   .2686316E-02   .2782270E-02   .2939015E-02   .3008349E-02
   .2957912E-02   .2499644E-02   .1779180E-02   .1186163E-02   .5667951E-03
   .6715250E-05  -.3913978E-03  -.8434126E-03  -.1176246E-02  -.1342897E-02
  -.1392319E-02  -.1050260E-02  -.5290924E-03  -.6146107E-04   .2744630E-03
   .4941492E-03   .4143883E-03   .2301650E-03   .3829131E-04  -.1970218E-03
  -.3973948E-03  -.5945742E-03  -.8687144E-03  -.1121856E-02  -.1275176E-02
  -.1274443E-02  -.1113989E-02  -.8868808E-03  -.7189772E-03  -.5965666E-03
  -.4455918E-03  -.2777028E-03  -.2441910E-04   .3023750E-03   .4623409E-03
   .3250807E-03  -.1276661E-03  -.7402207E-03  -.1336030E-02  -.1690521E-02
  -.1694295E-02  -.1298988E-02  -.6225331E-03   .5546491E-04   .5058852E-03
   .5286459E-03   .1625568E-03  -.2284245E-03  -.4573589E-03  -.5525590E-03
  -.4130352E-03  -.1295421E-03   .1847363E-03   .3023892E-03   .1446203E-03
  -.1728692E-03  -.5042160E-03  -.7380079E-03  -.8339341E-03  -.7792253E-03
  -.7095425E-03  -.6512632E-03  -.5612896E-03  -.4539584E-03  -.3059401E-03
  -.1451907E-03  -.2297579E-04   .5491765E-04   .1262154E-03   .1401760E-03
   .1225772E-03   .6795454E-04  -.3498947E-04  -.1104227E-03  -.5580177E-04
   .1060759E-03   .2865787E-03   .4448207E-03   .5495979E-03   .6134273E-03
   .5534189E-03   .4400118E-03   .3857535E-03   .3229096E-03   .2821527E-03
   .2379981E-03   .1244288E-03  -.6049371E-04  -.2476607E-03  -.4490043E-03
  -.6209911E-03  -.6832069E-03  -.6344369E-03  -.5473556E-03  -.4684278E-03
  -.3765534E-03  -.2850330E-03  -.2063296E-03  -.1008145E-03  -.1495575E-04
   .6103536E-04   .9799964E-04   .7284770E-04   .7180506E-05  -.4971883E-04
  -.9584846E-04  -.1071442E-03  -.8263738E-04  -.5826150E-04  -.6308000E-04
  -.8362422E-04  -.1188688E-03  -.1320851E-03  -.1320652E-03  -.1048040E-03
  -.7580426E-04  -.6836007E-04  -.7702105E-04  -.7558791E-04  -.5860114E-04
  -.3758940E-04  -.6761507E-05   .1426953E-04   .8326624E-05  -.6419867E-05
  -.1979225E-04  -.3823788E-04  -.6069688E-04  -.6949133E-04  -.7520093E-04
  -.7003370E-04  -.5518322E-04  -.4638731E-04  -.4103442E-04  -.3256055E-04
  -.1411874E-04   .9777025E-05   .2814890E-04   .3581500E-04   .4615703E-04
   .5271360E-04   .4224936E-04   .1906026E-04  -.3517358E-05  -.2263218E-04
  -.3430098E-04  -.3041353E-04  -.1721249E-04   .7302242E-06   .1753081E-04
   .3350278E-04   .4613333E-04   .5804759E-04   .6712255E-04   .7375505E-04
   .7957635E-04   .8373689E-04   .8603975E-04   .8638295E-04   .8633281E-04
   .8837976E-04   .8962619E-04   .9183158E-04   .9456986E-04   .9777439E-04
   .1001489E-03   .1021597E-03   .1052447E-03   .1080186E-03   .1097244E-03
   .1118820E-03   .1138584E-03   .1167217E-03   .1192269E-03   .1236726E-03
   .1271342E-03   .1285913E-03   .1313860E-03   .1346084E-03   .1383955E-03
   .1416712E-03   .1444005E-03   .1474475E-03   .1505517E-03   .1535266E-03
   .1564354E-03   .1593355E-03   .1620781E-03   .1649710E-03   .1681191E-03
   .1711926E-03   .1741415E-03   .1770204E-03   .1798570E-03   .1827083E-03
   .1854518E-03   .1880628E-03   .1906041E-03   .1931512E-03   .1956734E-03
   .1981865E-03   .2006542E-03   .2030773E-03   .2054292E-03   .2077211E-03
   .2099396E-03   .2120936E-03   .2141817E-03   .2162084E-03   .2181719E-03
   .2200753E-03   .2219172E-03   .2236987E-03   .2254183E-03   .2270760E-03
   .2286715E-03
