PEER STRONG MOTION DATABASE RECORD. PROCESSING BY PACIFIC ENGINEERING.
KOBE 01/16/95 2046, TAKARAZU, 090 (CUE)
ACCELERATION TIME HISTORY IN UNITS OF G. FILTER POINTS: HP=0.13 Hz LP=33.0 Hz
NPTS=  4096, DT= .01000 SEC
   .2116446E-05   .2222110E-05   .2281166E-05   .8746492E-06  -.1830609E-05
  -.6112109E-05  -.1143906E-04  -.1653821E-04  -.1693861E-04  -.6968417E-05
   .1882405E-04   .6056058E-04   .1169716E-03   .1778358E-03   .2199376E-03
   .2073543E-03   .1197851E-03  -.2668660E-04  -.1758701E-03  -.2603170E-03
  -.2568658E-03  -.2030627E-03  -.1662047E-03  -.1743760E-03  -.1656282E-03
  -.5191102E-04   .1854268E-03   .4507654E-03   .6123528E-03   .5822968E-03
   .3819976E-03   .1233900E-03  -.6079148E-04  -.1008988E-03  -.3910090E-04
   .4810093E-04   .2010491E-03   .5185757E-03   .1016803E-02   .1525190E-02
   .1629221E-02   .1025935E-02  -.1317443E-03  -.1312713E-02  -.2113894E-02
  -.2545206E-02  -.2765451E-02  -.2791950E-02  -.2445924E-02  -.1492057E-02
  -.1344990E-03   .9662383E-03   .1490876E-02   .1669275E-02   .1613987E-02
   .1276068E-02   .9116277E-03   .1015642E-02   .1648609E-02   .1924415E-02
   .7226434E-03  -.2096961E-02  -.5178020E-02  -.6655258E-02  -.5851379E-02
  -.3738011E-02  -.1673930E-02  -.3130387E-03   .2693345E-03  -.1410481E-04
  -.1355890E-02  -.3322288E-02  -.4529641E-02  -.3650746E-02  -.5227860E-03
   .3800800E-02   .7487494E-02   .9201655E-02   .8882067E-02   .7198173E-02
   .5110398E-02   .3822281E-02   .3935543E-02   .5042003E-02   .6298208E-02
   .6764761E-02   .5963422E-02   .4039163E-02   .1702052E-02  -.2281582E-03
  -.1331002E-02  -.1892607E-02  -.2481367E-02  -.3066961E-02  -.3462331E-02
  -.3556735E-02  -.2610807E-02   .1957082E-04   .3570353E-02   .6459275E-02
   .7639003E-02   .6315544E-02   .2187763E-02  -.3583744E-02  -.9823996E-02
  -.1580821E-01  -.2036998E-01  -.2243909E-01  -.2224377E-01  -.2114173E-01
  -.2016415E-01  -.1938860E-01  -.1763294E-01  -.1389307E-01  -.8632557E-02
  -.2879383E-02   .2550234E-02   .7310817E-02   .1116423E-01   .1375718E-01
   .1524921E-01   .1653894E-01   .1857013E-01   .2123275E-01   .2406810E-01
   .2696589E-01   .2897576E-01   .2841167E-01   .2450954E-01   .1811353E-01
   .1119537E-01   .5397852E-02   .1043879E-02  -.2814115E-02  -.7626026E-02
  -.1365898E-01  -.1889245E-01  -.1991855E-01  -.1477257E-01  -.4878670E-02
   .5904326E-02   .1362906E-01   .1613604E-01   .1293219E-01   .4822725E-02
  -.6585035E-02  -.1885948E-01  -.2914595E-01  -.3512203E-01  -.3709195E-01
  -.3767439E-01  -.3829138E-01  -.3793385E-01  -.3402755E-01  -.2379262E-01
  -.6560465E-02   .1354656E-01   .2998443E-01   .3836929E-01   .3800935E-01
   .3095853E-01   .2123356E-01   .1311484E-01   .9142502E-02   .8856278E-02
   .9468579E-02   .8493842E-02   .5558734E-02   .2068077E-02  -.5533424E-03
  -.1857777E-02  -.2515405E-02  -.4219016E-02  -.7668033E-02  -.1193796E-01
  -.1526033E-01  -.1586188E-01  -.1349028E-01  -.9014537E-02  -.2588548E-02
   .5485881E-02   .1343721E-01   .1862518E-01   .1931627E-01   .1587774E-01
   .1048570E-01   .6051304E-02   .4866208E-02   .7795790E-02   .1441312E-01
   .2301423E-01   .2992347E-01   .3108382E-01   .2442647E-01   .1115429E-01
  -.5043500E-02  -.1929254E-01  -.2699236E-01  -.2663233E-01  -.2085090E-01
  -.1437862E-01  -.1209592E-01  -.1578848E-01  -.2307832E-01  -.2911941E-01
  -.2833162E-01  -.1933293E-01  -.6976529E-02   .1689838E-02   .2709372E-02
  -.2667234E-02  -.9444661E-02  -.1174955E-01  -.7800580E-02  -.1420337E-02
   .2951428E-02   .4584759E-02   .4703405E-02   .3781890E-02   .3078067E-02
   .4457939E-02   .7016539E-02   .9471411E-02   .1256757E-01   .1652825E-01
   .2018106E-01   .2363554E-01   .2861367E-01   .3453421E-01   .3877298E-01
   .3974131E-01   .3672826E-01   .2920579E-01   .1841290E-01   .7192831E-02
  -.3158765E-02  -.1218460E-01  -.1931138E-01  -.2404699E-01  -.2563291E-01
  -.2407011E-01  -.2092587E-01  -.1866939E-01  -.1882703E-01  -.2035718E-01
  -.2049822E-01  -.1777090E-01  -.1346364E-01  -.1027223E-01  -.9692440E-02
  -.1107243E-01  -.1278599E-01  -.1393905E-01  -.1529338E-01  -.1786075E-01
  -.2099416E-01  -.2186737E-01  -.1756422E-01  -.7829079E-02   .4421341E-02
   .1422711E-01   .1790783E-01   .1505301E-01   .8623587E-02   .1889051E-02
  -.3186354E-02  -.4569407E-02  -.4719386E-03   .9681576E-02   .2391422E-01
   .3739890E-01   .4435705E-01   .4165238E-01   .3167869E-01   .2017675E-01
   .1248017E-01   .1082247E-01   .1232060E-01   .1116554E-01   .3615797E-02
  -.1006926E-01  -.2767616E-01  -.4477365E-01  -.5416281E-01  -.5158656E-01
  -.3956838E-01  -.2447922E-01  -.1321494E-01  -.1021554E-01  -.1508876E-01
  -.2238476E-01  -.2472652E-01  -.1583222E-01   .6232444E-02   .3513770E-01
   .5902157E-01   .6940982E-01   .6691117E-01   .5781955E-01   .4748248E-01
   .3735460E-01   .2596863E-01   .1080604E-01  -.8956192E-02  -.2906693E-01
  -.4060785E-01  -.3704809E-01  -.2273933E-01  -.1167339E-01  -.1705045E-01
  -.4067935E-01  -.6986447E-01  -.8649169E-01  -.8010464E-01  -.5366957E-01
  -.1980943E-01   .7996889E-02   .2258383E-01   .2513957E-01   .2337075E-01
   .2623494E-01   .3801047E-01   .5572058E-01   .7083507E-01   .7273958E-01
   .5655556E-01   .2643782E-01  -.7173534E-02  -.3002864E-01  -.3163151E-01
  -.1389976E-01   .1009447E-01   .2610515E-01   .2791677E-01   .1932206E-01
   .9843138E-02   .5704589E-02   .5948434E-02   .5230316E-02  -.6135096E-03
  -.1159162E-01  -.2386030E-01  -.3175456E-01  -.3253415E-01  -.2827103E-01
  -.2234697E-01  -.1662951E-01  -.1156069E-01  -.7735354E-02  -.5431224E-02
  -.4468227E-02  -.5294046E-02  -.9197213E-02  -.1745771E-01  -.3011817E-01
  -.4607983E-01  -.6288651E-01  -.7621911E-01  -.8181149E-01  -.7762766E-01
  -.6566609E-01  -.4984711E-01  -.3497457E-01  -.2590826E-01  -.2478574E-01
  -.3043452E-01  -.3992578E-01  -.4946860E-01  -.5663053E-01  -.6039088E-01
  -.5940188E-01  -.5284507E-01  -.4154605E-01  -.2579389E-01  -.5642701E-02
   .1735381E-01   .3984040E-01   .5865137E-01   .7298038E-01   .8377717E-01
   .9176299E-01   .9865514E-01   .1069781E+00   .1171714E+00   .1282106E+00
   .1384804E+00   .1464570E+00   .1520620E+00   .1562797E+00   .1600882E+00
   .1637854E+00   .1660870E+00   .1651376E+00   .1598065E+00   .1493455E+00
   .1332766E+00   .1119118E+00   .8430572E-01   .5029837E-01   .1311332E-01
  -.2553114E-01  -.6593431E-01  -.1064543E+00  -.1449473E+00  -.1810566E+00
  -.2151789E+00  -.2459537E+00  -.2717919E+00  -.2921545E+00  -.3048656E+00
  -.3071383E+00  -.2995418E+00  -.2852561E+00  -.2675842E+00  -.2494434E+00
  -.2310296E+00  -.2096536E+00  -.1817558E+00  -.1448359E+00  -.9935419E-01
  -.4943439E-01  -.1278781E-02   .3967121E-01   .7050753E-01   .9166656E-01
   .1045977E+00   .1096344E+00   .1098491E+00   .1101097E+00   .1124629E+00
   .1202703E+00   .1372448E+00   .1636378E+00   .1986259E+00   .2390403E+00
   .2783551E+00   .3112269E+00   .3318284E+00   .3368379E+00   .3297125E+00
   .3145354E+00   .2945245E+00   .2751495E+00   .2632579E+00   .2621908E+00
   .2706405E+00   .2832680E+00   .2909287E+00   .2822723E+00   .2472305E+00
   .1849918E+00   .1067712E+00   .2910229E-01  -.3183243E-01  -.6103720E-01
  -.5439802E-01  -.1679511E-01   .4387052E-01   .1135815E+00   .1682709E+00
   .1874599E+00   .1703885E+00   .1255848E+00   .5725902E-01  -.3297459E-01
  -.1340227E+00  -.2259259E+00  -.2941055E+00  -.3386251E+00  -.3675169E+00
  -.3882294E+00  -.4060976E+00  -.4238403E+00  -.4409764E+00  -.4575148E+00
  -.4728046E+00  -.4838641E+00  -.4849407E+00  -.4699580E+00  -.4367802E+00
  -.3878408E+00  -.3262862E+00  -.2552391E+00  -.1795292E+00  -.1053758E+00
  -.3850194E-01   .1917947E-01   .6905335E-01   .1093066E+00   .1370821E+00
   .1502911E+00   .1443144E+00   .1162734E+00   .7456238E-01   .3061731E-01
  -.1162633E-01  -.4753986E-01  -.7238288E-01  -.8542843E-01  -.8774451E-01
  -.8263494E-01  -.7554754E-01  -.7268829E-01  -.7846579E-01  -.9361070E-01
  -.1167525E+00  -.1459835E+00  -.1786165E+00  -.2112915E+00  -.2408432E+00
  -.2650410E+00  -.2830854E+00  -.2942317E+00  -.2973808E+00  -.2945028E+00
  -.2887587E+00  -.2813292E+00  -.2714063E+00  -.2575257E+00  -.2376672E+00
  -.2092427E+00  -.1696871E+00  -.1194149E+00  -.6090696E-01   .4293829E-02
   .7848252E-01   .1662938E+00   .2680937E+00   .3803894E+00   .4927129E+00
   .5885284E+00   .6531340E+00   .6784224E+00   .6656172E+00   .6228449E+00
   .5612790E+00   .4936030E+00   .4330345E+00   .3916548E+00   .3759868E+00
   .3810995E+00   .3935559E+00   .3977682E+00   .3813211E+00   .3369384E+00
   .2619207E+00   .1605962E+00   .4846578E-01  -.5621054E-01  -.1420542E+00
  -.2015150E+00  -.2288231E+00  -.2245773E+00  -.1962320E+00  -.1500974E+00
  -.8931262E-01  -.2284346E-01   .3372093E-01   .7044138E-01   .9064794E-01
   .1004512E+00   .9646868E-01   .7041190E-01   .2606889E-01  -.1787858E-01
  -.5000339E-01  -.7402423E-01  -.9119328E-01  -.9390807E-01  -.7138312E-01
  -.1497509E-01   .7224887E-01   .1731399E+00   .2740422E+00   .3697294E+00
   .4512177E+00   .5051677E+00   .5296631E+00   .5259594E+00   .4927524E+00
   .4389771E+00   .3821313E+00   .3341403E+00   .3015635E+00   .2887811E+00
   .2961884E+00   .3207977E+00   .3530382E+00   .3697833E+00   .3497031E+00
   .2943652E+00   .2110551E+00   .1027939E+00  -.1869567E-01  -.1379349E+00
  -.2451428E+00  -.3334884E+00  -.3947772E+00  -.4211385E+00  -.4099234E+00
  -.3707867E+00  -.3127155E+00  -.2420679E+00  -.1778086E+00  -.1373645E+00
  -.1175266E+00  -.1144522E+00  -.1366938E+00  -.1831073E+00  -.2436095E+00
  -.3192564E+00  -.4128793E+00  -.5150513E+00  -.6066739E+00  -.6690090E+00
  -.6935918E+00  -.6845757E+00  -.6527247E+00  -.6054536E+00  -.5397431E+00
  -.4502705E+00  -.3384323E+00  -.2030768E+00  -.3249053E-01   .1639421E+00
   .3373848E+00   .4578052E+00   .5232404E+00   .5307687E+00   .4928580E+00
   .4385651E+00   .3820709E+00   .3221763E+00   .2541631E+00   .1658762E+00
   .5824646E-01  -.4301427E-01  -.1214628E+00  -.1759614E+00  -.2097895E+00
  -.2271327E+00  -.2333842E+00  -.2279817E+00  -.2045225E+00  -.1664720E+00
  -.1332167E+00  -.1240206E+00  -.1441742E+00  -.1857374E+00  -.2368056E+00
  -.2829120E+00  -.3126137E+00  -.3276127E+00  -.3349209E+00  -.3370160E+00
  -.3364700E+00  -.3348049E+00  -.3280603E+00  -.3113114E+00  -.2886729E+00
  -.2667178E+00  -.2460811E+00  -.2268702E+00  -.2120319E+00  -.1990455E+00
  -.1788248E+00  -.1439526E+00  -.9650296E-01  -.4469470E-01   .2813832E-02
   .4088225E-01   .7173340E-01   .1005420E+00   .1305594E+00   .1599599E+00
   .1855294E+00   .2038882E+00   .2113352E+00   .2088528E+00   .1995381E+00
   .1843161E+00   .1645528E+00   .1412898E+00   .1141864E+00   .8552816E-01
   .6051849E-01   .4312211E-01   .3552147E-01   .3766375E-01   .4667125E-01
   .5879663E-01   .7114041E-01   .7998853E-01   .8263194E-01   .7936968E-01
   .7183150E-01   .6167048E-01   .5112614E-01   .4282993E-01   .3860655E-01
   .3865449E-01   .4238154E-01   .4841022E-01   .5576929E-01   .6457539E-01
   .7352914E-01   .8025184E-01   .8413783E-01   .8700131E-01   .8955769E-01
   .9089759E-01   .9013441E-01   .8711493E-01   .8240569E-01   .7715415E-01
   .7255528E-01   .7039358E-01   .7108058E-01   .7239546E-01   .7160787E-01
   .6754089E-01   .5927574E-01   .4617092E-01   .2872242E-01   .9240774E-02
  -.9207624E-02  -.2413442E-01  -.3431558E-01  -.3922969E-01  -.3834129E-01
  -.3163733E-01  -.2051489E-01  -.6648112E-02   .8295862E-02   .2257485E-01
   .3529209E-01   .4697738E-01   .5826552E-01   .7034761E-01   .8265021E-01
   .9310234E-01   .1002401E+00   .1027847E+00   .9874966E-01   .8677710E-01
   .6824397E-01   .4563567E-01   .2157859E-01  -.5929054E-03  -.1893710E-01
  -.3248551E-01  -.4035025E-01  -.4254449E-01  -.4041925E-01  -.3653612E-01
  -.3339690E-01  -.3306547E-01  -.3740032E-01  -.4722753E-01  -.6232930E-01
  -.8209478E-01  -.1062603E+00  -.1339930E+00  -.1625851E+00  -.1873669E+00
  -.2051805E+00  -.2150345E+00  -.2162783E+00  -.2087801E+00  -.1911830E+00
  -.1627638E+00  -.1260846E+00  -.8534511E-01  -.4486810E-01  -.7786569E-02
   .2455369E-01   .5189896E-01   .7356677E-01   .8847370E-01   .9633194E-01
   .9861850E-01   .9692955E-01   .9278555E-01   .8746821E-01   .8169393E-01
   .7649287E-01   .7225162E-01   .6913352E-01   .6686394E-01   .6446014E-01
   .6197848E-01   .5985854E-01   .5830411E-01   .5740567E-01   .5650752E-01
   .5510671E-01   .5308638E-01   .5033225E-01   .4697607E-01   .4377026E-01
   .4143599E-01   .4071920E-01   .4210071E-01   .4560912E-01   .5101257E-01
   .5787673E-01   .6544502E-01   .7315100E-01   .8011398E-01   .8495340E-01
   .8614059E-01   .8241949E-01   .7447280E-01   .6508253E-01   .5648036E-01
   .4916554E-01   .4396798E-01   .4244982E-01   .4436402E-01   .4781865E-01
   .5019949E-01   .4922293E-01   .4414281E-01   .3523120E-01   .2331715E-01
   .1011323E-01  -.2428832E-02  -.1330452E-01  -.2173322E-01  -.2702515E-01
  -.2916351E-01  -.2882286E-01  -.2594606E-01  -.1972800E-01  -.9781633E-02
   .3539053E-02   .1886779E-01   .3451570E-01   .4880193E-01   .5986215E-01
   .6625844E-01   .6740622E-01   .6353633E-01   .5662402E-01   .4984065E-01
   .4558292E-01   .4521784E-01   .4940226E-01   .5693982E-01   .6488043E-01
   .7113254E-01   .7584531E-01   .7896081E-01   .7851861E-01   .7367970E-01
   .6528138E-01   .5358759E-01   .3923784E-01   .2383210E-01   .8591790E-02
  -.6082554E-02  -.1988125E-01  -.3266848E-01  -.4403784E-01  -.5339905E-01
  -.6074826E-01  -.6595549E-01  -.6722472E-01  -.6429980E-01  -.5923629E-01
  -.5221599E-01  -.4292122E-01  -.3303391E-01  -.2435769E-01  -.1772815E-01
  -.1324481E-01  -.1042397E-01  -.8392918E-02  -.6267972E-02  -.4134685E-02
  -.2877059E-02  -.3113896E-02  -.5534354E-02  -.1130832E-01  -.2078340E-01
  -.3296093E-01  -.4618854E-01  -.5855106E-01  -.6827007E-01  -.7492631E-01
  -.7877834E-01  -.8008190E-01  -.7904767E-01  -.7624564E-01  -.7317395E-01
  -.7143202E-01  -.7158154E-01  -.7377971E-01  -.7754766E-01  -.8216565E-01
  -.8666050E-01  -.9004220E-01  -.9077711E-01  -.8796315E-01  -.8181121E-01
  -.7273405E-01  -.6150604E-01  -.4910273E-01  -.3640383E-01  -.2430214E-01
  -.1354324E-01  -.4799660E-02   .2270175E-02   .8307255E-02   .1324431E-01
   .1640611E-01   .1738602E-01   .1667991E-01   .1476336E-01   .1163799E-01
   .7758447E-02   .4139370E-02   .1156711E-02  -.1455877E-02  -.4092211E-02
  -.7174748E-02  -.1139703E-01  -.1770280E-01  -.2644884E-01  -.3735927E-01
  -.4953226E-01  -.6174248E-01  -.7230690E-01  -.7890919E-01  -.7966412E-01
  -.7462523E-01  -.6517050E-01  -.5312604E-01  -.4119175E-01  -.3192320E-01
  -.2651435E-01  -.2455133E-01  -.2437841E-01  -.2400983E-01  -.2149500E-01
  -.1540089E-01  -.5769745E-02   .6040470E-02   .1815316E-01   .2898386E-01
   .3729677E-01   .4287514E-01   .4684527E-01   .4997351E-01   .5274428E-01
   .5536919E-01   .5801526E-01   .6040597E-01   .6149221E-01   .6015960E-01
   .5635580E-01   .5083528E-01   .4527543E-01   .4174632E-01   .4165919E-01
   .4530499E-01   .5189055E-01   .5984365E-01   .6771500E-01   .7438118E-01
   .7882749E-01   .8026124E-01   .7875041E-01   .7516504E-01   .7021448E-01
   .6505588E-01   .6086315E-01   .5793900E-01   .5587685E-01   .5352886E-01
   .5066117E-01   .4796705E-01   .4573411E-01   .4376446E-01   .4245419E-01
   .4193539E-01   .4114603E-01   .3817374E-01   .3180604E-01   .2277647E-01
   .1204256E-01   .1983285E-03  -.1192071E-01  -.2319588E-01  -.3250774E-01
  -.3882284E-01  -.4157978E-01  -.3988075E-01  -.3422311E-01  -.2601395E-01
  -.1659460E-01  -.7691563E-02  -.5957924E-03   .3691559E-02   .3741366E-02
  -.1007283E-02  -.9695750E-02  -.2080193E-01  -.3227016E-01  -.4144763E-01
  -.4549543E-01  -.4311139E-01  -.3495317E-01  -.2235964E-01  -.7267684E-02
   .7720445E-02   .1964305E-01   .2598776E-01   .2641892E-01   .2285499E-01
   .1734369E-01   .1191701E-01   .8511146E-02   .8113536E-02   .1058920E-01
   .1490899E-01   .1864938E-01   .1974534E-01   .1744806E-01   .1202050E-01
   .5388167E-02   .3290452E-03  -.9150920E-03   .2247429E-02   .8526635E-02
   .1560087E-01   .2118721E-01   .2323832E-01   .2021506E-01   .1319208E-01
   .5243722E-02  -.8737084E-03  -.3336276E-02  -.1879621E-02   .2415993E-02
   .6688780E-02   .7062846E-02   .1802826E-02  -.8293151E-02  -.2138431E-01
  -.3507959E-01  -.4670932E-01  -.5399441E-01  -.5606373E-01  -.5311458E-01
  -.4619960E-01  -.3757914E-01  -.2930465E-01  -.2287303E-01  -.1975618E-01
  -.2060310E-01  -.2418955E-01  -.2898954E-01  -.3379312E-01  -.3706706E-01
  -.3742544E-01  -.3407134E-01  -.2762844E-01  -.1933807E-01  -.1082382E-01
  -.3975157E-02  -.1030544E-02  -.3067989E-02  -.9219785E-02  -.1742358E-01
  -.2526824E-01  -.3053038E-01  -.3193474E-01  -.2928050E-01  -.2314231E-01
  -.1514803E-01  -.7167947E-02  -.7692731E-03   .2859736E-02   .2716957E-02
  -.1973822E-02  -.1067213E-01  -.2202980E-01  -.3468305E-01  -.4627874E-01
  -.5426599E-01  -.5658298E-01  -.5216728E-01  -.4135413E-01  -.2630779E-01
  -.1089554E-01   .8675642E-03   .5963034E-02   .2852918E-02  -.7752295E-02
  -.2286856E-01  -.3795985E-01  -.4842897E-01  -.5045781E-01  -.4317237E-01
  -.2819217E-01  -.8428773E-02   .1242817E-01   .3095536E-01   .4434397E-01
   .5132694E-01   .5239801E-01   .4877583E-01   .4258027E-01   .3654153E-01
   .3245425E-01   .3051790E-01   .2964870E-01   .2783515E-01   .2382772E-01
   .1744514E-01   .9455016E-02   .1545428E-02  -.4211221E-02  -.6453988E-02
  -.4899386E-02  -.6694942E-03   .4329768E-02   .7644557E-02   .7508208E-02
   .3956968E-02  -.2377810E-02  -.9863733E-02  -.1583944E-01  -.1807073E-01
  -.1565627E-01  -.8977286E-02   .6129214E-03   .1124914E-01   .2108771E-01
   .2876012E-01   .3364194E-01   .3594527E-01   .3621799E-01   .3610816E-01
   .3679295E-01   .3835512E-01   .4045641E-01   .4232376E-01   .4245901E-01
   .3922726E-01   .3213108E-01   .2214819E-01   .1044268E-01  -.1839757E-02
  -.1378779E-01  -.2522054E-01  -.3592861E-01  -.4558051E-01  -.5383095E-01
  -.6057824E-01  -.6585310E-01  -.6929261E-01  -.7071778E-01  -.7074264E-01
  -.6964889E-01  -.6758997E-01  -.6497357E-01  -.6156792E-01  -.5698238E-01
  -.5099333E-01  -.4361342E-01  -.3480468E-01  -.2462530E-01  -.1349938E-01
  -.2462563E-02   .7841965E-02   .1763667E-01   .2656200E-01   .3366085E-01
   .3800907E-01   .3963443E-01   .3921421E-01   .3794498E-01   .3753707E-01
   .3946060E-01   .4426998E-01   .5155090E-01   .6036946E-01   .6870120E-01
   .7363598E-01   .7318581E-01   .6723402E-01   .5668463E-01   .4314070E-01
   .2956315E-01   .1905697E-01   .1254178E-01   .9481739E-02   .8780022E-02
   .7821003E-02   .2658548E-02  -.9642197E-02  -.2921709E-01  -.5365554E-01
  -.7897001E-01  -.1009190E+00  -.1144531E+00  -.1138151E+00  -.9702726E-01
  -.6628210E-01  -.2577591E-01   .1802125E-01   .5686159E-01   .8427936E-01
   .9716604E-01   .9510809E-01   .8016603E-01   .5651216E-01   .2901029E-01
   .2652989E-02  -.1704330E-01  -.2608998E-01  -.2338333E-01  -.1059778E-01
   .8575616E-02   .2954357E-01   .4832532E-01   .6146675E-01   .6682231E-01
   .6346909E-01   .5184027E-01   .3604252E-01   .2088718E-01   .9155697E-02
   .2354057E-02   .5955268E-03   .3482407E-02   .8973982E-02   .1288552E-01
   .1145738E-01   .4101834E-02  -.7239502E-02  -.1954968E-01  -.2908384E-01
  -.3257249E-01  -.2871754E-01  -.1785887E-01  -.1379224E-02   .1770703E-01
   .3516053E-01   .4736237E-01   .5271970E-01   .5099127E-01   .4302282E-01
   .3099101E-01   .1765823E-01   .5198795E-02  -.5326672E-02  -.1329646E-01
  -.1869025E-01  -.2202881E-01  -.2417666E-01  -.2615017E-01  -.2856044E-01
  -.3111259E-01  -.3332990E-01  -.3502314E-01  -.3638340E-01  -.3765401E-01
  -.3880132E-01  -.3925323E-01  -.3872896E-01  -.3744237E-01  -.3545067E-01
  -.3313274E-01  -.3114760E-01  -.2993904E-01  -.2968248E-01  -.3024922E-01
  -.3032683E-01  -.2882167E-01  -.2488473E-01  -.1834750E-01  -.9998832E-02
  -.1017322E-02   .7507499E-02   .1467950E-01   .1959846E-01   .2107359E-01
   .1901694E-01   .1480131E-01   .8954095E-02   .2310047E-02  -.3703684E-02
  -.8055885E-02  -.9992760E-02  -.9467214E-02  -.6865492E-02  -.2788086E-02
   .1667442E-02   .5724148E-02   .9018533E-02   .1143905E-01   .1284545E-01
   .1289415E-01   .1150015E-01   .8573871E-02   .4559807E-02   .8391060E-03
  -.1138159E-02  -.2049755E-03   .3911359E-02   .1099566E-01   .2043849E-01
   .3065248E-01   .3992977E-01   .4703917E-01   .5177332E-01   .5366433E-01
   .5170603E-01   .4545964E-01   .3491787E-01   .2056602E-01   .3899884E-02
  -.1312548E-01  -.2918597E-01  -.4303030E-01  -.5321875E-01  -.5820176E-01
  -.5769169E-01  -.5247889E-01  -.4320985E-01  -.3173869E-01  -.2065230E-01
  -.1148782E-01  -.5173899E-02  -.2087923E-02  -.1790462E-02  -.2512662E-02
  -.1960610E-02   .1310783E-02   .7587119E-02   .1642611E-01   .2646358E-01
   .3588972E-01   .4299705E-01   .4699106E-01   .4777318E-01   .4543288E-01
   .4058146E-01   .3409627E-01   .2653714E-01   .1821641E-01   .9466786E-02
   .4713377E-03  -.8967957E-02  -.1882395E-01  -.2848688E-01  -.3707781E-01
  -.4342107E-01  -.4672397E-01  -.4708944E-01  -.4531360E-01  -.4271790E-01
  -.4094390E-01  -.4119649E-01  -.4356569E-01  -.4760178E-01  -.5240879E-01
  -.5660856E-01  -.5844278E-01  -.5631229E-01  -.4961738E-01  -.3857121E-01
  -.2340539E-01  -.5278810E-02   .1388446E-01   .3186946E-01   .4697986E-01
   .5780415E-01   .6295802E-01   .6168314E-01   .5425510E-01   .4254039E-01
   .2944131E-01   .1833559E-01   .1133011E-01   .9090466E-02   .1119264E-01
   .1583623E-01   .2041484E-01   .2225421E-01   .1966731E-01   .1275845E-01
   .2379709E-02  -.1005264E-01  -.2222273E-01  -.3166821E-01  -.3722591E-01
  -.3857573E-01  -.3573022E-01  -.2966305E-01  -.2172215E-01  -.1368493E-01
  -.7234242E-02  -.3245981E-02  -.1807690E-02  -.2464985E-02  -.3791779E-02
  -.3588887E-02  -.6476849E-03   .4948137E-02   .1235730E-01   .1980706E-01
   .2595034E-01   .2971496E-01   .2994489E-01   .2651501E-01   .2041986E-01
   .1342040E-01   .7497013E-02   .4400344E-02   .4689387E-02   .7147862E-02
   .9356100E-02   .9062363E-02   .4999278E-02  -.2912743E-02  -.1303043E-01
  -.2220183E-01  -.2760363E-01  -.2735059E-01  -.2133056E-01  -.1144092E-01
  -.7407495E-03   .7709069E-02   .1162788E-01   .1077383E-01   .6717526E-02
   .2194511E-02   .5469267E-04   .2531026E-02   .1000516E-01   .2072502E-01
   .3175658E-01   .3965997E-01   .4188113E-01   .3816437E-01   .2987042E-01
   .1959369E-01   .1058159E-01   .5405014E-02   .4962800E-02   .9109525E-02
   .1663082E-01   .2532994E-01   .3275742E-01   .3610508E-01   .3360372E-01
   .2583871E-01   .1459944E-01   .2046724E-02  -.8908968E-02  -.1554039E-01
  -.1639158E-01  -.1208428E-01  -.4356513E-02   .4782242E-02   .1293709E-01
   .1845105E-01   .2058657E-01   .1956408E-01   .1646685E-01   .1244596E-01
   .7953015E-02   .3285865E-02  -.1079626E-02  -.5270665E-02  -.9038871E-02
  -.1194155E-01  -.1370502E-01  -.1414161E-01  -.1345064E-01  -.1256312E-01
  -.1284006E-01  -.1515194E-01  -.2058410E-01  -.2926612E-01  -.3966961E-01
  -.5010742E-01  -.5935252E-01  -.6656365E-01  -.7079567E-01  -.7157075E-01
  -.6966272E-01  -.6506548E-01  -.5747753E-01  -.4751488E-01  -.3593556E-01
  -.2380210E-01  -.1239817E-01  -.2575500E-02   .5044120E-02   .1002952E-01
   .1242465E-01   .1278263E-01   .1149804E-01   .9200786E-02   .6567973E-02
   .4056083E-02   .1991573E-02   .9688965E-03   .1347959E-02   .2738551E-02
   .4612806E-02   .6770393E-02   .8958519E-02   .1073911E-01   .1184655E-01
   .1248694E-01   .1306743E-01   .1400731E-01   .1533060E-01   .1698321E-01
   .1871028E-01   .2011703E-01   .2050105E-01   .1961478E-01   .1805743E-01
   .1656923E-01   .1584955E-01   .1648147E-01   .1879275E-01   .2233587E-01
   .2587467E-01   .2803131E-01   .2787022E-01   .2471659E-01   .1877223E-01
   .1189657E-01   .5980208E-02   .2228774E-02   .1552104E-02   .3853374E-02
   .7591141E-02   .1036794E-01   .1003912E-01   .5512908E-02  -.2277568E-02
  -.1084633E-01  -.1776128E-01  -.2107317E-01  -.1987355E-01  -.1514835E-01
  -.8694433E-02  -.2684093E-02   .1039474E-02   .2244227E-02   .1575954E-02
  -.1155156E-03  -.1799384E-02  -.2438388E-02  -.1980105E-02  -.1086501E-02
  -.7124847E-03  -.1759481E-02  -.4212770E-02  -.7710312E-02  -.1180267E-01
  -.1492339E-01  -.1540423E-01  -.1323615E-01  -.8767219E-02  -.2819986E-02
   .3264120E-02   .8066891E-02   .1023896E-01   .9470218E-02   .6452732E-02
   .2225126E-02  -.2266195E-02  -.6211422E-02  -.9013710E-02  -.1074453E-01
  -.1169253E-01  -.1226295E-01  -.1259282E-01  -.1284989E-01  -.1270060E-01
  -.1141607E-01  -.9308634E-02  -.7338022E-02  -.6565218E-02  -.7367434E-02
  -.9401988E-02  -.1182507E-01  -.1318155E-01  -.1232592E-01  -.8829608E-02
  -.2606933E-02   .4791163E-02   .1078696E-01   .1344240E-01   .1234661E-01
   .8333202E-02   .2839276E-02  -.1310089E-02  -.1469268E-02   .3092914E-02
   .1150225E-01   .2172077E-01   .3057582E-01   .3439779E-01   .3176972E-01
   .2356014E-01   .1157495E-01  -.1278906E-02  -.1152784E-01  -.1662795E-01
  -.1603467E-01  -.1094757E-01  -.3771904E-02   .2292796E-02   .5090714E-02
   .3715274E-02  -.1383094E-02  -.8169481E-02  -.1424605E-01  -.1787544E-01
  -.1809879E-01  -.1515875E-01  -.1024719E-01  -.4995423E-02  -.7459043E-03
   .1791511E-02   .2659387E-02   .2488364E-02   .2359174E-02   .2881197E-02
   .3961896E-02   .5934033E-02   .8274132E-02   .1023791E-01   .1149098E-01
   .1152309E-01   .1001464E-01   .7197817E-02   .3505242E-02  -.8356581E-03
  -.5412136E-02  -.9717568E-02  -.1355345E-01  -.1648582E-01  -.1832326E-01
  -.1859629E-01  -.1710381E-01  -.1442032E-01  -.1090164E-01  -.7087098E-02
  -.4031658E-02  -.2465139E-02  -.2286129E-02  -.3136787E-02  -.4375347E-02
  -.5094850E-02  -.4238141E-02  -.1140810E-02   .3790965E-02   .9659813E-02
   .1579321E-01   .2094558E-01   .2432888E-01   .2599750E-01   .2570595E-01
   .2317066E-01   .1846410E-01   .1210663E-01   .4767177E-02  -.2522930E-02
  -.8284257E-02  -.1147720E-01  -.1221390E-01  -.1091802E-01  -.7924741E-02
  -.3649614E-02   .9769837E-03   .5303489E-02   .8880675E-02   .1147361E-01
   .1246720E-01   .1124112E-01   .8255683E-02   .4457429E-02   .6949569E-03
  -.2705144E-02  -.5407370E-02  -.7433219E-02  -.9320692E-02  -.1099372E-01
  -.1173618E-01  -.1066249E-01  -.7337449E-02  -.2467282E-02   .2754857E-02
   .7237753E-02   .1047488E-01   .1210954E-01   .1205525E-01   .1118785E-01
   .1055673E-01   .1061661E-01   .1160633E-01   .1384447E-01   .1695650E-01
   .1993786E-01   .2212192E-01   .2343208E-01   .2369775E-01   .2302263E-01
   .2172574E-01   .2013432E-01   .1873670E-01   .1774784E-01   .1702792E-01
   .1630303E-01   .1552664E-01   .1444144E-01   .1270310E-01   .1028578E-01
   .6904248E-02   .2337747E-02  -.2826323E-02  -.7702715E-02  -.1184776E-01
  -.1481727E-01  -.1612664E-01  -.1609871E-01  -.1545293E-01  -.1526737E-01
  -.1654284E-01  -.1929732E-01  -.2287974E-01  -.2622613E-01  -.2793066E-01
  -.2679467E-01  -.2249897E-01  -.1583621E-01  -.7935919E-02  -.4772914E-03
   .4824253E-02   .7556656E-02   .8368433E-02   .7953322E-02   .7057718E-02
   .6279806E-02   .5600495E-02   .4781284E-02   .3456806E-02   .9514555E-03
  -.2994554E-02  -.7536971E-02  -.1210934E-01  -.1610689E-01  -.1837440E-01
  -.1846091E-01  -.1656962E-01  -.1363540E-01  -.1090352E-01  -.9547951E-02
  -.1024597E-01  -.1251594E-01  -.1512761E-01  -.1690479E-01  -.1679194E-01
  -.1466670E-01  -.1114686E-01  -.6875487E-02  -.3007633E-02  -.8102311E-03
  -.5950632E-03  -.2096966E-02  -.4893723E-02  -.8337015E-02  -.1173169E-01
  -.1376768E-01  -.1344090E-01  -.1072358E-01  -.6224846E-02  -.5800446E-03
   .5764480E-02   .1202639E-01   .1732423E-01   .2148439E-01   .2449831E-01
   .2629639E-01   .2683799E-01   .2644994E-01   .2582958E-01   .2594759E-01
   .2690002E-01   .2773422E-01   .2814958E-01   .2807901E-01   .2640244E-01
   .2224966E-01   .1643512E-01   .1020676E-01   .3819644E-02  -.2399914E-02
  -.7295204E-02  -.9580284E-02  -.9114764E-02  -.7116417E-02  -.4548475E-02
  -.2596356E-02  -.2766643E-02  -.5397901E-02  -.9464837E-02  -.1362673E-01
  -.1673073E-01  -.1763794E-01  -.1577778E-01  -.1169855E-01  -.6906127E-02
  -.2904741E-02  -.5446228E-03   .1427795E-03   .1263098E-03   .5512446E-03
   .1959111E-02   .4419370E-02   .7713892E-02   .1121084E-01   .1376434E-01
   .1418844E-01   .1244480E-01   .9460071E-02   .6269602E-02   .3303980E-02
   .9894479E-03  -.1954476E-03  -.4096190E-03   .1986218E-03   .1239397E-02
   .2173237E-02   .2825141E-02   .2978249E-02   .2593729E-02   .1413639E-02
  -.1013327E-02  -.4615295E-02  -.8581194E-02  -.1243289E-01  -.1528349E-01
  -.1644581E-01  -.1619615E-01  -.1466873E-01  -.1199050E-01  -.9068494E-02
  -.6830432E-02  -.6079249E-02  -.7253319E-02  -.9966503E-02  -.1358715E-01
  -.1701689E-01  -.1858875E-01  -.1710912E-01  -.1260381E-01  -.5892080E-02
   .1948024E-02   .8982349E-02   .1306580E-01   .1267404E-01   .7495040E-02
  -.1115287E-02  -.1068843E-01  -.1841845E-01  -.2209710E-01  -.2074444E-01
  -.1541188E-01  -.8322850E-02  -.2053205E-02   .1052301E-02   .3505725E-03
  -.3145766E-02  -.7662178E-02  -.1071684E-01  -.1061711E-01  -.7603158E-02
  -.2822276E-02   .2116378E-02   .5296214E-02   .5449701E-02   .2590590E-02
  -.1785095E-02  -.5755990E-02  -.7239344E-02  -.4924610E-02   .1146867E-02
   .9322607E-02   .1664672E-01   .2011008E-01   .1864823E-01   .1273529E-01
   .3740902E-02  -.5451915E-02  -.1162562E-01  -.1259328E-01  -.8167165E-02
  -.4111848E-03   .7732988E-02   .1377861E-01   .1596439E-01   .1431586E-01
   .1018662E-01   .5777851E-02   .3224460E-02   .3180978E-02   .5096061E-02
   .7598587E-02   .8898976E-02   .7392033E-02   .2272275E-02  -.5524698E-02
  -.1358985E-01  -.1931915E-01  -.2092832E-01  -.1829537E-01  -.1243125E-01
  -.5357091E-02   .4521819E-03   .3242519E-02   .2824072E-02   .8926906E-04
  -.3382168E-02  -.5483542E-02  -.4973039E-02  -.2574737E-02   .6380838E-03
   .3233247E-02   .4052311E-02   .3265777E-02   .1619707E-02  -.5948314E-04
  -.8175225E-03  -.4061565E-04   .1944018E-02   .4306299E-02   .6423104E-02
   .8089178E-02   .9448078E-02   .1068363E-01   .1215428E-01   .1389077E-01
   .1514872E-01   .1498772E-01   .1252608E-01   .7381668E-02   .2040505E-03
  -.7328785E-02  -.1316952E-01  -.1579867E-01  -.1463045E-01  -.1022007E-01
  -.4590272E-02  -.5677147E-03   .7992583E-04  -.2881017E-02  -.8488199E-02
  -.1453167E-01  -.1850145E-01  -.1902168E-01  -.1592296E-01  -.1030544E-01
  -.4253198E-02  -.1294491E-03   .6769669E-03  -.1495855E-02  -.4489593E-02
  -.6225578E-02  -.5391116E-02  -.1338239E-02   .5117231E-02   .1138896E-01
   .1486215E-01   .1461059E-01   .1121822E-01   .5913721E-02   .7637815E-03
  -.2021680E-02  -.1237666E-02   .3404468E-02   .1133119E-01   .1999158E-01
   .2623586E-01   .2862768E-01   .2695862E-01   .2190220E-01   .1554458E-01
   .1036945E-01   .7556490E-02   .7168540E-02   .8588296E-02   .1032266E-01
   .1071705E-01   .8971899E-02   .5442950E-02   .1315480E-02  -.1746712E-02
  -.2354431E-02  -.1403257E-03   .3979892E-02   .8412757E-02   .1158233E-01
   .1222145E-01   .9956639E-02   .5485831E-02   .5707565E-03  -.2725561E-02
  -.3436020E-02  -.1965053E-02   .7375067E-03   .2957095E-02   .2961048E-02
   .4839205E-03  -.3691021E-02  -.8118014E-02  -.1143011E-01  -.1262619E-01
  -.1116942E-01  -.7652873E-02  -.3664324E-02  -.1033485E-02  -.1069324E-02
  -.3943303E-02  -.8444846E-02  -.1228463E-01  -.1389377E-01  -.1219536E-01
  -.6960235E-02   .4960455E-03   .7876746E-02   .1289300E-01   .1418008E-01
   .1170847E-01   .6339383E-02  -.5479400E-04  -.4829246E-02  -.6494471E-02
  -.5085200E-02  -.1421391E-02   .2881081E-02   .6143206E-02   .7304614E-02
   .6384878E-02   .4056573E-02   .1115010E-02  -.1482701E-02  -.2621670E-02
  -.1702358E-02   .3295021E-03   .2019662E-02   .2590408E-02   .1539283E-02
  -.1257470E-02  -.4823185E-02  -.7515718E-02  -.8190921E-02  -.6759408E-02
  -.4199284E-02  -.2719447E-02  -.3778697E-02  -.6970543E-02  -.1146804E-01
  -.1658753E-01  -.2083681E-01  -.2267396E-01  -.2170469E-01  -.1878116E-01
  -.1545408E-01  -.1282845E-01  -.1108268E-01  -.1010713E-01  -.9222273E-02
  -.7238337E-02  -.3256097E-02   .2539428E-02   .8802248E-02   .1378281E-01
   .1600528E-01   .1465693E-01   .1020197E-01   .3909664E-02  -.2694032E-02
  -.7672099E-02  -.1011308E-01  -.1019851E-01  -.9073257E-02  -.7771272E-02
  -.6561035E-02  -.5842839E-02  -.5375953E-02  -.4227739E-02  -.2288647E-02
  -.1322517E-03   .1600505E-02   .2357427E-02   .1730168E-02  -.1167368E-03
  -.2363960E-02  -.3908988E-02  -.4175264E-02  -.2633013E-02   .1026006E-02
   .6073978E-02   .1118936E-01   .1526371E-01   .1732930E-01   .1710894E-01
   .1502182E-01   .1220691E-01   .9680011E-02   .8303894E-02   .8223456E-02
   .8527326E-02   .8453898E-02   .7463100E-02   .4913639E-02   .1516131E-02
  -.1238743E-02  -.2809945E-02  -.2849225E-02  -.1287285E-02   .1372214E-02
   .3758184E-02   .4778500E-02   .3964265E-02   .1702826E-02  -.9435408E-03
  -.2614539E-02  -.1824421E-02   .1662483E-02   .6531289E-02   .1113856E-01
   .1442722E-01   .1524609E-01   .1280513E-01   .7834731E-02   .1860078E-02
  -.3589557E-02  -.7235592E-02  -.8485006E-02  -.7342871E-02  -.5033947E-02
  -.3250169E-02  -.2702755E-02  -.3628773E-02  -.5744234E-02  -.7473847E-02
  -.7335716E-02  -.4548466E-02   .2433263E-03   .5523398E-02   .9940282E-02
   .1191157E-01   .1104106E-01   .8088495E-02   .4124468E-02   .2617372E-03
  -.2672543E-02  -.4056946E-02  -.4048849E-02  -.3339888E-02  -.2607985E-02
  -.2440591E-02  -.2921645E-02  -.3797309E-02  -.4603419E-02  -.4691479E-02
  -.4316646E-02  -.4090718E-02  -.4340017E-02  -.5039879E-02  -.6117752E-02
  -.7400600E-02  -.8361350E-02  -.8463884E-02  -.7450400E-02  -.5751690E-02
  -.3893434E-02  -.1969947E-02  -.2373914E-03   .8497786E-03   .1537000E-02
   .2475381E-02   .3737188E-02   .5327449E-02   .7165321E-02   .8687800E-02
   .8992106E-02   .7775987E-02   .5580391E-02   .2975112E-02   .4867714E-03
  -.1256174E-02  -.2099381E-02  -.2296099E-02  -.2337155E-02  -.2486186E-02
  -.2751150E-02  -.3102698E-02  -.2973866E-02  -.1811385E-02  -.4680217E-04
   .1365311E-02   .1718334E-02   .9041923E-03  -.1029281E-02  -.3883837E-02
  -.6864401E-02  -.8796100E-02  -.8840583E-02  -.7031280E-02  -.4032385E-02
  -.5871911E-03   .2352585E-02   .4376920E-02   .5479614E-02   .5930812E-02
   .5528154E-02   .4253842E-02   .2599807E-02   .9299368E-03  -.3113611E-03
  -.7750849E-03  -.3921422E-03   .5754389E-03   .1551295E-02   .1855681E-02
   .6919220E-03  -.2292180E-02  -.6380244E-02  -.1049854E-01  -.1359994E-01
  -.1478720E-01  -.1340067E-01  -.9568364E-02  -.4661409E-02  -.6286601E-03
   .7508168E-03  -.1156342E-02  -.5734872E-02  -.1138591E-01  -.1548891E-01
  -.1616803E-01  -.1333249E-01  -.7742344E-02  -.7057631E-03   .5488082E-02
   .8862590E-02   .8747939E-02   .5505787E-02   .7818699E-03  -.2772762E-02
  -.3358397E-02  -.6571462E-03   .4463577E-02   .1052516E-01   .1558820E-01
   .1777700E-01   .1672360E-01   .1343865E-01   .8940637E-02   .4353696E-02
   .1193013E-02   .1006635E-03   .8464631E-03   .2292691E-02   .3200675E-02
   .3046250E-02   .2072805E-02   .8093383E-03  -.4738872E-03  -.1480338E-02
  -.2471193E-02  -.4388356E-02  -.6995491E-02  -.9469198E-02  -.1098078E-01
  -.1070627E-01  -.8493417E-02  -.5063055E-02  -.1500582E-02   .9676841E-03
   .1732168E-02   .9567033E-03  -.1068210E-02  -.3123652E-02  -.3853627E-02
  -.2879691E-02  -.3691373E-03   .3509954E-02   .7747639E-02   .1070816E-01
   .1183522E-01   .1129063E-01   .9364555E-02   .7150854E-02   .5968099E-02
   .6454225E-02   .8738992E-02   .1206328E-01   .1512605E-01   .1737940E-01
   .1806987E-01   .1670842E-01   .1374728E-01   .9710884E-02   .5689784E-02
   .2766153E-02   .1242792E-02   .1009178E-02   .1653823E-02   .2215144E-02
   .1872271E-02   .1923279E-03  -.2610824E-02  -.5726216E-02  -.8068147E-02
  -.9126498E-02  -.9000976E-02  -.8050736E-02  -.6827461E-02  -.5845225E-02
  -.5108205E-02  -.4325696E-02  -.3221519E-02  -.1582429E-02   .3857803E-03
   .2068666E-02   .2494564E-02   .8324704E-03  -.2725693E-02  -.6919227E-02
  -.1003685E-01  -.1128453E-01  -.1029918E-01  -.6815358E-02  -.2142148E-02
   .1908602E-02   .4034611E-02   .3462484E-02   .4371453E-03  -.4035693E-02
  -.8891481E-02  -.1308780E-01  -.1590450E-01  -.1668926E-01  -.1538872E-01
  -.1301373E-01  -.1042826E-01  -.7788289E-02  -.5237558E-02  -.2792322E-02
  -.2150335E-03   .2779920E-02   .6061228E-02   .8858062E-02   .1094500E-01
   .1203162E-01   .1153822E-01   .9547433E-02   .7097632E-02   .5234094E-02
   .4692534E-02   .5489660E-02   .6816176E-02   .8038566E-02   .9009283E-02
   .9847631E-02   .1055447E-01   .1145274E-01   .1252556E-01   .1309096E-01
   .1235778E-01   .1016506E-01   .6901377E-02   .2824940E-02  -.1425950E-02
  -.4870845E-02  -.6908678E-02  -.7644774E-02  -.7680242E-02  -.7622743E-02
  -.8222637E-02  -.9817095E-02  -.1205084E-01  -.1417493E-01  -.1530143E-01
  -.1477767E-01  -.1271124E-01  -.1019904E-01  -.8215142E-02  -.6708990E-02
  -.5347089E-02  -.3965454E-02  -.1941383E-02   .1386563E-02   .5647384E-02
   .1000273E-01   .1394658E-01   .1675682E-01   .1728695E-01   .1520563E-01
   .1135007E-01   .7257172E-02   .4133171E-02   .2628002E-02   .3221936E-02
   .5800731E-02   .9023116E-02   .1086459E-01   .1005848E-01   .6371009E-02
   .4186228E-03  -.6634011E-02  -.1325443E-01  -.1797982E-01  -.1957748E-01
  -.1750117E-01  -.1289397E-01  -.7789486E-02  -.3501793E-02  -.6833418E-03
  -.3243701E-03  -.1932638E-02  -.3864016E-02  -.4751312E-02  -.3715768E-02
  -.6253872E-03   .3583369E-02   .7536429E-02   .1042828E-01   .1167326E-01
   .1137920E-01   .1044389E-01   .9528416E-02   .8781317E-02   .7818726E-02
   .6805226E-02   .6155357E-02   .5909483E-02   .6246739E-02   .7473325E-02
   .9111487E-02   .9985232E-02   .9461982E-02   .7608072E-02   .4640361E-02
   .1231553E-02  -.1589658E-02  -.2790240E-02  -.2231677E-02  -.7884854E-03
   .5566568E-03   .1081392E-02   .2276589E-03  -.2054366E-02  -.5265050E-02
  -.8766384E-02  -.1136919E-01  -.1231715E-01  -.1124926E-01  -.8243151E-02
  -.4145105E-02  -.5217520E-04   .3353456E-02   .5952222E-02   .7532339E-02
   .7645962E-02   .6075061E-02   .3076612E-02  -.6097371E-03  -.4287676E-02
  -.7322800E-02  -.9314770E-02  -.1004222E-01  -.9247185E-02  -.7112821E-02
  -.4141654E-02  -.1251830E-02   .6308659E-03   .1072706E-02   .1019900E-03
  -.1813760E-02  -.3705146E-02  -.5012234E-02  -.5759815E-02  -.5795002E-02
  -.5866220E-02  -.6645940E-02  -.7829378E-02  -.8865672E-02  -.9129497E-02
  -.8038736E-02  -.5475105E-02  -.1975384E-02   .1486315E-02   .3787326E-02
   .3673268E-02   .9457266E-03  -.3733351E-02  -.9015684E-02  -.1296645E-01
  -.1395212E-01  -.1153463E-01  -.6783363E-02  -.1826635E-02   .1595574E-02
   .2785136E-02   .1774830E-02  -.6036731E-03  -.2680325E-02  -.3081362E-02
  -.2240804E-02  -.1254645E-02  -.7422821E-03  -.1178371E-02  -.2867623E-02
  -.5310777E-02  -.7403163E-02  -.8323428E-02  -.7745807E-02  -.5916299E-02
  -.3984502E-02  -.3108470E-02  -.4063905E-02  -.6441214E-02  -.8836854E-02
  -.1005884E-01  -.9356922E-02  -.6493638E-02  -.2470186E-02   .1157507E-02
   .3121591E-02   .2962233E-02   .1235387E-02  -.9077392E-03  -.2396394E-02
  -.2430738E-02  -.1044389E-02   .8424588E-03   .2174027E-02   .2541128E-02
   .1885539E-02   .7439947E-03   .6682498E-04   .1687178E-03   .1061785E-02
   .2586924E-02   .3825950E-02   .4236093E-02   .4059969E-02   .3530937E-02
   .2922083E-02   .2642389E-02   .3090456E-02   .4324077E-02   .5904658E-02
   .7079353E-02   .7308201E-02   .6833456E-02   .6101200E-02   .5330253E-02
   .4655704E-02   .4657501E-02   .5387141E-02   .6010472E-02   .6002578E-02
   .5368384E-02   .4097903E-02   .2375864E-02   .1054516E-02   .4665239E-03
   .3293487E-03   .2650483E-03   .3021109E-03   .2305528E-03  -.5049773E-03
  -.1225863E-02  -.1422564E-02  -.1274009E-02  -.1029495E-02  -.8262397E-03
  -.7235160E-03  -.8577751E-03  -.1166692E-02  -.1479512E-02  -.1599503E-02
  -.1252231E-02  -.5879077E-03   .2060220E-03   .9248821E-03   .1281165E-02
   .1487881E-02   .1566331E-02   .1487335E-02   .1156347E-02   .8605665E-03
   .1450150E-02   .2918439E-02   .4630320E-02   .6032425E-02   .6629372E-02
   .6334908E-02   .5376878E-02   .3969560E-02   .2766792E-02   .2051102E-02
   .1267862E-02  -.5090497E-04  -.1736389E-02  -.3295048E-02  -.4412609E-02
  -.4826349E-02  -.4629772E-02  -.3850998E-02  -.2393711E-02  -.8770633E-03
  -.1842242E-03  -.6120667E-03  -.2080643E-02  -.4434724E-02  -.7239424E-02
  -.9479918E-02  -.1009858E-01  -.8814104E-02  -.5919921E-02  -.2205110E-02
   .9465195E-03   .2353278E-02   .1802571E-02  -.2677749E-03  -.2728727E-02
  -.4665833E-02  -.5348395E-02  -.4305709E-02  -.2062770E-02   .6637540E-03
   .3004719E-02   .4436510E-02   .5327102E-02   .6021398E-02   .7017541E-02
   .8253998E-02   .8899701E-02   .8600406E-02   .7254002E-02   .4937545E-02
   .2158855E-02   .1086453E-03   .1169599E-04   .1992236E-02   .5179036E-02
   .8569365E-02   .1126224E-01   .1260212E-01   .1229918E-01   .1046513E-01
   .8135950E-02   .6734109E-02   .6628952E-02   .7627561E-02   .9266261E-02
   .1009186E-01   .8935562E-02   .6426040E-02   .3209885E-02   .5661808E-04
  -.1593426E-02  -.6665034E-03   .2036663E-02   .5250047E-02   .8059521E-02
   .9496754E-02   .8907941E-02   .6579934E-02   .3566092E-02   .8502398E-03
  -.1245942E-02  -.2641193E-02  -.3457505E-02  -.4129146E-02  -.4995612E-02
  -.5950528E-02  -.6934722E-02  -.7815481E-02  -.8300262E-02  -.7999961E-02
  -.6723865E-02  -.4937962E-02  -.3241096E-02  -.2203125E-02  -.1970235E-02
  -.2499425E-02  -.3253756E-02  -.3625980E-02  -.3601479E-02  -.3377795E-02
  -.3190901E-02  -.3131655E-02  -.2862661E-02  -.2182865E-02  -.1572428E-02
  -.1239490E-02  -.1520312E-02  -.2825930E-02  -.4752928E-02  -.6926347E-02
  -.9033710E-02  -.1042023E-01  -.1008515E-01  -.7902191E-02  -.5052194E-02
  -.2328778E-02   .7326425E-04   .1998262E-02   .3388590E-02   .4235868E-02
   .4538072E-02   .4256998E-02   .3370728E-02   .1859433E-02  -.2897463E-03
  -.2724374E-02  -.5023316E-02  -.6867347E-02  -.7697607E-02  -.6996950E-02
  -.4737079E-02  -.1347182E-02   .2390558E-02   .5719824E-02   .7912485E-02
   .8400807E-02   .7356074E-02   .5619834E-02   .4061207E-02   .3006936E-02
   .2467930E-02   .2778707E-02   .3728897E-02   .4184319E-02   .3596258E-02
   .2414590E-02   .1040968E-02   .5000231E-04  -.3418457E-03  -.4370910E-03
  -.5359742E-03  -.1307008E-02  -.3067090E-02  -.5339958E-02  -.7609833E-02
  -.9183399E-02  -.9345429E-02  -.7711929E-02  -.4454370E-02  -.6355312E-03
   .2602256E-02   .4399297E-02   .4749344E-02   .4311458E-02   .3668617E-02
   .3603131E-02   .4156566E-02   .4828380E-02   .5140067E-02   .4667702E-02
   .3079431E-02   .4296654E-03  -.2725959E-02  -.5317417E-02  -.6387594E-02
  -.5946377E-02  -.4500138E-02  -.2629223E-02  -.1049684E-02  -.2572176E-03
  -.2088344E-03  -.3963002E-03  -.4736722E-03  -.4590267E-03  -.5396284E-03
  -.9201109E-03  -.1448384E-02  -.1876939E-02  -.1997003E-02  -.1446397E-02
  -.5794295E-04   .2029262E-02   .4267198E-02   .6012953E-02   .6803976E-02
   .6478300E-02   .5504998E-02   .4345081E-02   .3605239E-02   .3569237E-02
   .3998288E-02   .4686209E-02   .5236745E-02   .5213987E-02   .4509501E-02
   .3044153E-02   .1428559E-02   .1381864E-03  -.7231561E-03  -.1319579E-02
  -.2015767E-02  -.3031789E-02  -.4370893E-02  -.5517291E-02  -.5769536E-02
  -.5232465E-02  -.3983152E-02  -.2187090E-02  -.6232068E-03   .3379977E-03
   .3193496E-03  -.1267948E-02  -.3904008E-02  -.6333439E-02  -.7948134E-02
  -.8296605E-02  -.7172717E-02  -.5307713E-02  -.3636665E-02  -.2994502E-02
  -.3986833E-02  -.6207265E-02  -.8092004E-02  -.8258454E-02  -.6909886E-02
  -.4440883E-02  -.9842067E-03   .2557466E-02   .4780855E-02   .4991762E-02
   .3640679E-02   .1750325E-02   .3616144E-03   .6701790E-04   .1061452E-02
   .2824566E-02   .4620145E-02   .5993765E-02   .6270698E-02   .5462907E-02
   .4197837E-02   .2901210E-02   .2230837E-02   .2516626E-02   .3481099E-02
   .4400802E-02   .4810630E-02   .4601133E-02   .3491087E-02   .1629490E-02
   .2108767E-04  -.4833152E-03   .6339107E-03   .3311740E-02   .6593181E-02
   .9318545E-02   .1090444E-01   .1112978E-01   .1016083E-01   .8554041E-02
   .7079821E-02   .6023928E-02   .5245304E-02   .4533576E-02   .3739467E-02
   .3098701E-02   .2722488E-02   .2668719E-02   .3204530E-02   .4014386E-02
   .4377902E-02   .4062144E-02   .3095570E-02   .1231172E-02  -.1189011E-02
  -.3241567E-02  -.4227063E-02  -.3917446E-02  -.2499789E-02  -.4893620E-03
   .1341890E-02   .2467238E-02   .2800020E-02   .2282229E-02   .1345667E-02
   .5756195E-03   .2060920E-03   .2135753E-03  -.9146970E-06  -.7627523E-03
  -.1947210E-02  -.3469686E-02  -.4872040E-02  -.5689541E-02  -.6064063E-02
  -.6247063E-02  -.6482750E-02  -.7178473E-02  -.8242344E-02  -.9078164E-02
  -.9465762E-02  -.9558640E-02  -.9051095E-02  -.8047548E-02  -.6826950E-02
  -.5783551E-02  -.4834760E-02  -.3632106E-02  -.2526953E-02  -.1728210E-02
  -.1206400E-02  -.1062807E-02  -.1227788E-02  -.1462198E-02  -.1648677E-02
  -.1620060E-02  -.9843873E-03   .1887437E-03   .1476039E-02   .2499093E-02
   .3131379E-02   .3472892E-02   .3360220E-02   .2886353E-02   .2848681E-02
   .3314875E-02   .3796092E-02   .4453467E-02   .5381471E-02   .6167803E-02
   .6332341E-02   .6060062E-02   .5682319E-02   .5223816E-02   .5000640E-02
   .4823486E-02   .4101767E-02   .2735130E-02   .7904072E-03  -.1554202E-02
  -.3967489E-02  -.5587907E-02  -.5939960E-02  -.5184012E-02  -.3865596E-02
  -.2881086E-02  -.2880904E-02  -.3870488E-02  -.5231038E-02  -.6139954E-02
  -.6158631E-02  -.5161240E-02  -.3661087E-02  -.2056371E-02  -.7101765E-03
  -.6048219E-03  -.1937563E-02  -.4127124E-02  -.6247097E-02  -.7202090E-02
  -.6533734E-02  -.4729288E-02  -.2317972E-02  -.2800845E-03   .1783624E-03
  -.7648203E-03  -.2383312E-02  -.3710911E-02  -.4263951E-02  -.3962383E-02
  -.2985824E-02  -.1923750E-02  -.1642302E-02  -.2559705E-02  -.4337499E-02
  -.6299036E-02  -.7733385E-02  -.8373618E-02  -.8310556E-02  -.7651102E-02
  -.6460100E-02  -.5028092E-02  -.3904406E-02  -.3294571E-02  -.2881598E-02
  -.2060769E-02  -.9367528E-03   .2195403E-03   .1255290E-02   .1934617E-02
   .2028707E-02   .1881794E-02   .2064466E-02   .2556067E-02   .3309003E-02
   .4316996E-02   .5425568E-02   .6128068E-02   .6163992E-02   .5483025E-02
   .4215153E-02   .2723002E-02   .1591049E-02   .8647660E-03   .5338351E-03
   .4951181E-03  -.4739273E-04  -.1199145E-02  -.2430589E-02  -.3603374E-02
  -.4314768E-02  -.4157769E-02  -.3036566E-02  -.1041631E-02   .1339679E-02
   .3450192E-02   .4604485E-02   .4764357E-02   .4170462E-02   .3307111E-02
   .2681402E-02   .2414770E-02   .2645017E-02   .3369382E-02   .4330389E-02
   .5174774E-02   .5319407E-02   .4756144E-02   .4085394E-02   .3695670E-02
   .3527995E-02   .3437025E-02   .3335559E-02   .3195315E-02   .2896468E-02
   .2260427E-02   .1423579E-02   .1271698E-02   .1892044E-02   .2467004E-02
   .2686306E-02   .2988606E-02   .3156036E-02   .2533016E-02   .1399955E-02
   .1721447E-03  -.8115538E-03  -.1218382E-02  -.1438434E-02  -.1901540E-02
  -.2479552E-02  -.3260798E-02  -.3969903E-02  -.4279956E-02  -.3896465E-02
  -.2788901E-02  -.1288380E-02   .2882704E-03   .1778762E-02   .3039812E-02
   .3780842E-02   .3873589E-02   .3651270E-02   .3529009E-02   .3663956E-02
   .4019734E-02   .4481138E-02   .4761167E-02   .4763967E-02   .4513222E-02
   .3878560E-02   .3023726E-02   .2158338E-02   .1582251E-02   .1355341E-02
   .1302044E-02   .1467379E-02   .1573490E-02   .1344359E-02   .6969640E-03
  -.3596106E-03  -.1769236E-02  -.3436744E-02  -.5023597E-02  -.6145076E-02
  -.6826607E-02  -.7210515E-02  -.7158962E-02  -.6794379E-02  -.6304131E-02
  -.5675438E-02  -.4914273E-02  -.4138177E-02  -.3297412E-02  -.2761836E-02
  -.2746028E-02  -.2854593E-02  -.2932622E-02  -.3049325E-02  -.3052468E-02
  -.2708935E-02  -.1920820E-02  -.8705431E-03   .2352129E-03   .1151915E-02
   .1812023E-02   .2129038E-02   .1713208E-02   .9263428E-03   .6714609E-03
   .1203178E-02   .2307746E-02   .3516442E-02   .4603192E-02   .5260171E-02
   .5268597E-02   .4094579E-02   .1746408E-02  -.7899237E-03  -.2970383E-02
  -.4333645E-02  -.4222972E-02  -.2628044E-02  -.2483234E-04   .2709669E-02
   .4977285E-02   .6425218E-02   .7211558E-02   .7361463E-02   .6905986E-02
   .6491440E-02   .6175123E-02   .5860018E-02   .5788154E-02   .6049088E-02
   .6538527E-02   .6707090E-02   .6237079E-02   .5343015E-02   .4102061E-02
   .2806135E-02   .1706109E-02   .8190947E-03   .1776299E-03   .4385814E-04
   .5851734E-03   .1362744E-02   .1831433E-02   .1977982E-02   .1678889E-02
   .7805862E-03  -.5584537E-03  -.2343626E-02  -.4642664E-02  -.7046297E-02
  -.8770818E-02  -.9131221E-02  -.7967372E-02  -.5595545E-02  -.2862979E-02
  -.3141646E-03   .1294970E-02   .1301450E-02   .2637281E-03  -.8679725E-03
  -.1407344E-02  -.1094667E-02  -.1643618E-03   .7777051E-03   .9352109E-03
  -.2057955E-03  -.2443188E-02  -.5304849E-02  -.8009961E-02  -.9601000E-02
  -.9565605E-02  -.8037333E-02  -.5694675E-02  -.3437291E-02  -.1937577E-02
  -.1965533E-02  -.3288435E-02  -.4771232E-02  -.6226508E-02  -.7633877E-02
  -.8465246E-02  -.8588476E-02  -.8089980E-02  -.7234838E-02  -.6436838E-02
  -.5597036E-02  -.4565473E-02  -.3510221E-02  -.2586818E-02  -.1910239E-02
  -.2047387E-02  -.3110259E-02  -.4701947E-02  -.6295605E-02  -.6887518E-02
  -.5797455E-02  -.3325193E-02  -.3278490E-03   .2139741E-02   .3417564E-02
   .3520899E-02   .2696011E-02   .1347673E-02   .4360372E-03   .5531866E-03
   .1305684E-02   .2075414E-02   .2520139E-02   .2411220E-02   .1913081E-02
   .1340399E-02   .8862373E-03   .5268502E-03   .3760678E-03   .8138429E-03
   .1630839E-02   .2572112E-02   .3460039E-02   .3982260E-02   .4084902E-02
   .4027717E-02   .4140276E-02   .4387827E-02   .4912208E-02   .6132780E-02
   .7539775E-02   .8489971E-02   .8974331E-02   .8921162E-02   .8178082E-02
   .6807239E-02   .5018880E-02   .3408613E-02   .2296384E-02   .1753501E-02
   .2002513E-02   .2540161E-02   .3049337E-02   .3430662E-02   .3352664E-02
   .2401182E-02   .5500404E-03  -.1610170E-02  -.3508954E-02  -.4328154E-02
  -.3546846E-02  -.1635278E-02   .1057589E-02   .4314356E-02   .6819863E-02
   .7273045E-02   .5589025E-02   .2497713E-02  -.1191692E-02  -.4613579E-02
  -.6623765E-02  -.6545283E-02  -.4698821E-02  -.1773333E-02   .1436966E-02
   .3614811E-02   .4000173E-02   .2935990E-02   .8867698E-03  -.1461374E-02
  -.3252933E-02  -.3928502E-02  -.3154207E-02  -.1479420E-02   .1334058E-03
   .1276651E-02   .1673359E-02   .9167238E-03  -.8059432E-03  -.2681347E-02
  -.3828129E-02  -.3856988E-02  -.3204623E-02  -.2388068E-02  -.1722513E-02
  -.1405215E-02  -.1488558E-02  -.1544923E-02  -.1073598E-02  -.1050415E-03
   .1253725E-02   .2726981E-02   .3644573E-02   .3725119E-02   .3144748E-02
   .2157954E-02   .1292556E-02   .6575278E-03   .2034221E-03  -.1430209E-03
  -.4056884E-03  -.7175037E-03  -.1087170E-02  -.1012951E-02  -.5219186E-03
   .2118652E-04   .4856396E-03   .9058515E-03   .1197212E-02   .1488123E-02
   .1976927E-02   .2487082E-02   .2665939E-02   .2285387E-02   .1434456E-02
   .2125443E-03  -.1495712E-02  -.3340462E-02  -.4864151E-02  -.5554669E-02
  -.5228164E-02  -.4136281E-02  -.2670261E-02  -.1187646E-02   .8126904E-04
   .7772648E-03   .8483406E-03   .4415856E-03  -.1107398E-03  -.3368990E-03
  -.3441648E-03  -.3143463E-03  -.2961393E-03  -.6232684E-03  -.1430761E-02
  -.2318208E-02  -.2916850E-02  -.2779897E-02  -.1565688E-02   .2924723E-03
   .1927868E-02   .2670460E-02   .2049895E-02   .3248049E-03  -.1834940E-02
  -.3853485E-02  -.5218015E-02  -.5429571E-02  -.4501286E-02  -.2969557E-02
  -.1435596E-02  -.6087124E-04   .9923714E-03   .1325906E-02   .9625711E-03
  -.6518876E-04  -.1592800E-02  -.2889881E-02  -.3569157E-02  -.3723529E-02
  -.3435115E-02  -.2948602E-02  -.2568096E-02  -.2703136E-02  -.3496774E-02
  -.4690374E-02  -.5609797E-02  -.5755136E-02  -.5117462E-02  -.3842910E-02
  -.2014204E-02   .1167195E-03   .1809228E-02   .2602990E-02   .2694125E-02
   .2412733E-02   .2168859E-02   .2017312E-02   .2054367E-02   .2616966E-02
   .3130283E-02   .3278295E-02   .3146297E-02   .2970870E-02   .3015834E-02
   .2998341E-02   .2718686E-02   .2420093E-02   .2313829E-02   .2056250E-02
   .1321653E-02   .9754703E-04  -.9352059E-03  -.1177633E-02  -.9894813E-03
  -.7785009E-03  -.7390192E-03  -.1079760E-02  -.1850879E-02  -.2935389E-02
  -.4229173E-02  -.5414782E-02  -.6204577E-02  -.6245072E-02  -.5574356E-02
  -.4679031E-02  -.3681305E-02  -.2493905E-02  -.1467677E-02  -.7674013E-03
   .3091379E-04   .7841566E-03   .1093271E-02   .8380067E-03  -.8253595E-04
  -.1351743E-02  -.2377375E-02  -.2743105E-02  -.2438954E-02  -.1529999E-02
  -.7588765E-04   .1578377E-02   .3245336E-02   .4660463E-02   .5172902E-02
   .4896234E-02   .4663409E-02   .4812096E-02   .5134143E-02   .5417409E-02
   .5311364E-02   .4735064E-02   .4021141E-02   .3371845E-02   .2798670E-02
   .2291041E-02   .1918727E-02   .1604605E-02   .1603716E-02   .1717472E-02
   .2040427E-02   .2765982E-02   .3524496E-02   .4229697E-02   .4801212E-02
   .4817514E-02   .4315759E-02   .3819381E-02   .3560017E-02   .3393083E-02
   .3191610E-02   .2913222E-02   .2908066E-02   .3273484E-02   .3532064E-02
   .3789819E-02   .4338115E-02   .5039884E-02   .5388818E-02   .5530247E-02
   .5715562E-02   .5723591E-02   .5447896E-02   .4863084E-02   .3936489E-02
   .3147726E-02   .3037836E-02   .3769477E-02   .4904249E-02   .5704275E-02
   .5443144E-02   .4140446E-02   .2487146E-02   .9397965E-03  -.3064871E-03
  -.1047158E-02  -.9909278E-03  -.4568394E-03  -.1840109E-03  -.2398673E-03
  -.4669566E-03  -.1004356E-02  -.1483864E-02  -.1540936E-02  -.1279588E-02
  -.8061133E-03  -.3260420E-03  -.1437463E-03  -.4488823E-03  -.9772977E-03
  -.1371534E-02  -.1663935E-02  -.2143594E-02  -.2977913E-02  -.4143975E-02
  -.5453621E-02  -.6545007E-02  -.7179196E-02  -.7175928E-02  -.6155577E-02
  -.4308364E-02  -.2145829E-02  -.1624935E-03   .1093411E-02   .1585549E-02
   .1633674E-02   .1575191E-02   .1670051E-02   .1895084E-02   .1921197E-02
   .1763540E-02   .1788733E-02   .2013329E-02   .2307954E-02   .2720754E-02
   .3288319E-02   .4399975E-02   .6003050E-02   .7339656E-02   .8240353E-02
   .8421228E-02   .7622316E-02   .5904070E-02   .3997754E-02   .2294325E-02
   .6769674E-03  -.6340605E-03  -.1358335E-02  -.1404218E-02  -.1230614E-02
  -.1072864E-02  -.8867973E-03  -.1114847E-02  -.1581457E-02  -.1980303E-02
  -.2311625E-02  -.2389375E-02  -.2381421E-02  -.2256478E-02  -.2111256E-02
  -.2334963E-02  -.2922969E-02  -.3762448E-02  -.4370469E-02  -.4659577E-02
  -.5030000E-02  -.5204821E-02  -.5075851E-02  -.4871943E-02  -.4866675E-02
  -.5024675E-02  -.5173324E-02  -.5588110E-02  -.6124216E-02  -.6569839E-02
  -.6900846E-02  -.7192241E-02  -.7321549E-02  -.6701652E-02  -.5440076E-02
  -.4160961E-02  -.3276233E-02  -.2863133E-02  -.2590260E-02  -.1995319E-02
  -.1036927E-02  -.1674764E-03   .5069310E-03   .1196099E-02   .1854446E-02
   .2706447E-02   .3712004E-02   .4480313E-02   .4747276E-02   .4389879E-02
   .3441864E-02   .2119203E-02   .8321009E-03  -.3055283E-03  -.1230184E-02
  -.1579052E-02  -.1379709E-02  -.8472312E-03  -.1839647E-03   .4283436E-03
   .7131938E-03   .4436211E-03  -.1664759E-03  -.5156948E-03  -.4140604E-03
   .5572264E-04   .7816720E-03   .1479503E-02   .1965474E-02   .1941254E-02
   .1157381E-02   .1523840E-03  -.5084968E-03  -.6179718E-03  -.3596771E-04
   .1138270E-02   .2460076E-02   .3405351E-02   .3533323E-02   .3055967E-02
   .2486776E-02   .2043263E-02   .1958011E-02   .2245838E-02   .2780278E-02
   .3217406E-02   .3106379E-02   .2343084E-02   .1311955E-02   .6247319E-03
   .3907115E-03   .2918642E-03   .3917641E-03   .8244761E-03   .1293976E-02
   .1680953E-02   .1919110E-02   .1927289E-02   .1454636E-02   .4790308E-03
  -.4707297E-03  -.1556406E-02  -.2878737E-02  -.4040927E-02  -.4906721E-02
  -.5530498E-02  -.5722433E-02  -.5357115E-02  -.4539494E-02  -.3450117E-02
  -.2372398E-02  -.1485133E-02  -.1093195E-02  -.1448063E-02  -.2185779E-02
  -.2950643E-02  -.3635137E-02  -.4118357E-02  -.4614736E-02  -.5149626E-02
  -.5689771E-02  -.6095435E-02  -.5988897E-02  -.5409861E-02  -.4644044E-02
  -.4035642E-02  -.3697502E-02  -.3617191E-02  -.3825084E-02  -.4137477E-02
  -.4359453E-02  -.4421510E-02  -.4239919E-02  -.3497760E-02  -.2395163E-02
  -.1392386E-02  -.4515303E-03   .2765381E-03   .4380708E-03   .4433432E-03
   .7026440E-03   .1149764E-02   .1724725E-02   .2499546E-02   .2855818E-02
   .2307296E-02   .1201798E-02   .1367447E-03  -.5132941E-03  -.5749855E-03
   .1615216E-03   .1652972E-02   .3313843E-02   .4481860E-02   .4988066E-02
   .5383105E-02   .5962499E-02   .6600168E-02   .7412560E-02   .8429838E-02
   .9297435E-02   .9578659E-02   .9324223E-02   .8662393E-02   .7664493E-02
   .6609671E-02   .6026140E-02   .5844862E-02   .5833563E-02   .5698402E-02
   .5190415E-02   .4220011E-02   .3069381E-02   .1966645E-02   .9927450E-03
   .1917347E-03  -.3312368E-03  -.7580133E-03  -.1103320E-02  -.1368440E-02
  -.1563807E-02  -.1835565E-02  -.1705140E-02  -.8962851E-03  -.4657490E-03
  -.7990921E-03  -.1424071E-02  -.2102954E-02  -.2775666E-02  -.3173564E-02
  -.3131556E-02  -.2707177E-02  -.1818873E-02  -.9203665E-03  -.5084008E-03
  -.5173715E-03  -.5713794E-03  -.5106614E-03  -.4061651E-03  -.3340549E-03
  -.4651847E-03  -.9914482E-03  -.2117845E-02  -.3368629E-02  -.4410899E-02
  -.4968211E-02  -.5264661E-02  -.5466359E-02  -.5528815E-02  -.5647054E-02
  -.5774817E-02  -.6009554E-02  -.6677005E-02  -.7620642E-02  -.8291049E-02
  -.8425320E-02  -.8054393E-02  -.7251923E-02  -.6234608E-02  -.5213199E-02
  -.4535423E-02  -.4068399E-02  -.3549837E-02  -.3024006E-02  -.2523702E-02
  -.1896816E-02  -.1183869E-02  -.2215037E-03   .8157950E-03   .1770437E-02
   .2491200E-02   .2964756E-02   .3252935E-02   .2902947E-02   .1951871E-02
   .8517760E-03  -.1417204E-03  -.9059580E-03  -.1526494E-02  -.1987716E-02
  -.2052075E-02  -.1820262E-02  -.1589694E-02  -.1418478E-02  -.1093069E-02
  -.5938395E-03  -.1118520E-03   .3604405E-03   .6213048E-03   .3562948E-03
  -.3063145E-03  -.1101872E-02  -.1910295E-02  -.2508384E-02  -.2455093E-02
  -.1654861E-02  -.6151787E-03   .4166242E-04   .3353581E-03   .5355271E-03
   .7312196E-03   .9917822E-03   .1426858E-02   .2180739E-02   .3281680E-02
   .4143840E-02   .4238275E-02   .3345491E-02   .1449472E-02  -.8698915E-03
  -.2777615E-02  -.3755735E-02  -.3734874E-02  -.2816616E-02  -.1375689E-02
  -.1039810E-04   .8772380E-03   .9440586E-03   .4009968E-03  -.8552341E-04
  -.9191670E-04   .4173234E-03   .1244373E-02   .2294290E-02   .3279400E-02
   .3790403E-02   .3563534E-02   .2645502E-02   .1711681E-02   .1200773E-02
   .9487388E-03   .8524644E-03   .7522460E-03   .5046981E-03   .1147463E-03
  -.4621292E-03  -.9657809E-03  -.9904630E-03  -.6455514E-03  -.2037965E-03
   .3051476E-03   .8071351E-03   .1088199E-02   .1302968E-02   .1596350E-02
   .1990495E-02   .2563407E-02   .3406446E-02   .4277832E-02   .4864739E-02
   .5096128E-02   .4998728E-02   .4554728E-02   .3926914E-02   .3465585E-02
   .3332549E-02   .3528932E-02   .3766420E-02   .3662436E-02   .3203711E-02
   .2497682E-02   .1727331E-02   .1097980E-02   .1074820E-02   .1695472E-02
   .2556135E-02   .3167266E-02   .3364780E-02   .3125441E-02   .2463519E-02
   .1564713E-02   .7585355E-03   .3154572E-03   .2729605E-03   .4347772E-03
   .5519502E-03   .3266596E-03  -.2370541E-03  -.6372920E-03  -.8190940E-03
  -.7076021E-03  -.1021099E-03   .4492200E-03   .6625986E-03   .7207853E-03
   .5302795E-03   .2694405E-03   .4216329E-04  -.1359354E-03  -.4753446E-04
   .3028578E-03   .5205370E-03   .6020749E-03   .7593879E-03   .8413203E-03
   .7192020E-03   .5270234E-03   .3234027E-03   .5516230E-04  -.2372079E-03
  -.5113582E-03  -.7292828E-03  -.8164895E-03  -.8035198E-03  -.7122247E-03
  -.5650834E-03  -.5218950E-03  -.6060151E-03  -.7346140E-03  -.8639702E-03
  -.8003423E-03  -.4588705E-03   .1049963E-03   .7890383E-03   .1319220E-02
   .1474915E-02   .1243497E-02   .8125769E-03   .3675017E-03   .1058229E-03
   .5356199E-04   .7959061E-04   .2300647E-03   .5437574E-03   .6969888E-03
   .5293831E-03   .1298262E-03  -.2906167E-03  -.5429845E-03  -.5966049E-03
  -.5369231E-03  -.4670754E-03  -.4177949E-03  -.4260242E-03  -.5557547E-03
  -.8728832E-03  -.1270342E-02  -.1501504E-02  -.1457913E-02  -.1192355E-02
  -.8418888E-03  -.5700282E-03  -.4871787E-03  -.5516879E-03  -.6176746E-03
  -.5677193E-03  -.3774004E-03  -.1326444E-03   .6130116E-04   .2179756E-03
   .2924963E-03   .2231976E-03   .5761054E-04  -.1476837E-03  -.3363564E-03
  -.5298151E-03  -.7452199E-03  -.9477379E-03  -.1159717E-02  -.1361123E-02
  -.1498412E-02  -.1484904E-02  -.1324956E-02  -.1062023E-02  -.7342512E-03
  -.4122822E-03  -.1493339E-03   .2914127E-04   .1002659E-03   .9170536E-04
   .6158347E-04   .3931582E-04   .1264617E-04  -.1316320E-04  -.3836525E-04
  -.7494124E-04  -.1190544E-03  -.1487683E-03  -.1704153E-03  -.1520760E-03
  -.8543535E-04  -.2179331E-04   .1573195E-04   .1350186E-04  -.2816323E-04
  -.9477206E-04  -.1673152E-03  -.2203450E-03  -.2374637E-03  -.2291915E-03
  -.2345058E-03  -.2618557E-03  -.2860642E-03  -.2863006E-03  -.2538452E-03
  -.2026924E-03  -.1476038E-03  -.1013774E-03  -.7404206E-04  -.6072118E-04
  -.5280157E-04  -.6088744E-04  -.8973506E-04  -.1172228E-03  -.1379928E-03
  -.1545149E-03  -.1595204E-03  -.1587394E-03  -.1640840E-03  -.1762963E-03
  -.1828757E-03  -.1854065E-03  -.1875245E-03  -.1805627E-03  -.1593996E-03
  -.1270798E-03  -.9982153E-04  -.8955661E-04  -.8798054E-04  -.8688554E-04
  -.8415927E-04  -.7598012E-04  -.6630081E-04  -.6020922E-04  -.6243486E-04
  -.6871059E-04  -.7423839E-04  -.7967246E-04  -.8125452E-04  -.7699504E-04
  -.7012548E-04  -.6345178E-04  -.5731208E-04  -.5330637E-04  -.5304254E-04
  -.5345964E-04  -.5423597E-04  -.5619774E-04  -.5693050E-04  -.5726883E-04
  -.5889105E-04  -.5816929E-04  -.5121455E-04  -.4078263E-04  -.2997016E-04
  -.1930650E-04  -.1004979E-04  -.2698027E-05   .1946533E-05   .4347949E-05
   .5959272E-05   .7236673E-05   .8319865E-05   .9749648E-05   .1188479E-04
   .1406873E-04   .1579557E-04   .1763266E-04   .1950092E-04   .2103028E-04
   .2218451E-04   .2295159E-04   .2328314E-04   .2346750E-04   .2378299E-04
   .2415990E-04   .2450261E-04   .2480102E-04   .2502520E-04   .2520708E-04
   .2518145E-04   .2486718E-04   .2443322E-04   .2401397E-04   .2362339E-04
   .2326372E-04   .2290301E-04   .2251698E-04   .2207920E-04   .2159702E-04
   .2107958E-04   .2052661E-04   .1993402E-04   .1929944E-04   .1862122E-04
   .1790077E-04   .1713908E-04   .1633872E-04   .1550145E-04   .1462902E-04
   .1372274E-04
